OR4F5,61.00230750929964
SAMD11,93.3685409931445
NOC2L,96.34191441234753
KLHL17,108.62133508494264
PLEKHN1,104.71981199841079
PERM1,106.42807994089927
HES4,237.22064873644496
ISG15,148.91812139958347
AGRN,139.1174899595502
RNF223,106.85182161050372
C1orf159,86.84705253443701
TTLL10,130.91200066420063
TNFRSF18,58.40067992157327
TNFRSF4,51.9352410940204
SDF4,215.85553878700756
B3GALT6,140.4089167693602
C1QTNF12,78.794288654886
UBE2J2,128.17649851509918
SCNN1D,74.48844466697633
ACAP3,145.02279140596394
PUSL1,127.16186425250353
INTS11,159.45932497618134
CPTP,154.67543122961428
TAS1R3,85.06622336481766
DVL1,255.06662014458806
MXRA8,202.2866373481433
AURKAIP1,142.198844214316
CCNL2,202.83953606300042
MRPL20,130.8492649565447
ANKRD65,84.78166686905107
TMEM88B,261.23524647962444
VWA1,93.78455811925875
ATAD3C,80.32310996308615
ATAD3B,63.93598200077474
ATAD3A,109.35242489770366
TMEM240,110.74835626021394
SSU72,82.92585329312672
FNDC10,110.88489340145969
MIB2,276.95448075378926
MMP23B,89.49497866734018
CDK11B,93.17319329320131
SLC35E2B,62.765272630609275
CDK11A,52.16953951785504
SLC35E2,79.19560805430774
NADK,141.05832398626
GNB1,193.6253777256926
CALML6,93.63823685732362
TMEM52,122.021520098698
CFAP74,179.75451730871146
GABRD,195.89499305081836
PRKCZ,147.77805201560867
FAAP20,122.377764403183
SKI,155.49449041818843
MORN1,105.6990068723859
RER1,126.95373267545168
PEX10,171.2374662239551
PLCH2,188.47124436773902
PANK4,97.16878461455346
HES5,135.19398216553805
TNFRSF14,140.75008858425153
FAM213B,102.92783465078494
MMEL1,60.0828600003974
TTC34,74.64188709178171
PRDM16,140.3316003335819
ARHGEF16,66.39199692224727
MEGF6,139.36572316317924
TPRG1L,114.11463515806358
TP73,123.05294952101042
WRAP73,114.33175068552507
SMIM1,75.83065657830366
LRRC47,104.24198585766237
CEP104,105.38400739631348
DFFB,63.74551786940455
C1orf174,89.22635900162408
AJAP1,137.68959662061178
KCNAB2,224.03874267354396
NPHP4,86.09615602013602
CHD5,149.82184879425236
RNF207,180.29722576347046
RPL22,170.25863159424713
ICMT,94.28720025543987
GPR153,112.48742346569895
ACOT7,175.9752154569195
ESPN,81.82713816437104
TNFRSF25,158.17483059183726
PLEKHG5,123.11964631224646
NOL9,86.6489432787966
TAS1R1,109.07041944492764
ZBTB48,98.2816375255141
PHF13,100.43658612109681
KLHL21,176.83509552032413
THAP3,76.88463822445411
DNAJC11,94.17163930870205
CAMTA1,133.52614845987145
VAMP3,88.36903593052389
PER3,214.4514667168187
PARK7,108.99449375951122
ERRFI1,104.17261302167236
SLC45A1,166.734912657323
RERE,110.40200587868668
ENO1,164.68581487833387
SLC2A5,107.2589856597337
GPR157,58.1555369805107
H6PD,96.77173673854188
SPSB1,118.32545054027452
SLC25A33,160.51429101407808
TMEM201,128.53262039019398
PIK3CD,181.57325383871265
CLSTN1,174.24329885100525
CTNNBIP1,146.73791922955263
LZIC,95.86417781130771
NMNAT1,49.911150112720975
RBP7,98.51900270229365
UBE4B,144.38737810376244
KIF1B,144.09875794789446
PGD,72.16820508166683
CENPS,127.76402341104702
CORT,183.76763730373773
DFFA,216.23013435392522
PEX14,98.50062704845584
CASZ1,86.0391926619211
C1orf127,69.30413816728529
TARDBP,157.5511561769116
MASP2,82.91912773771315
SRM,201.68595606181452
EXOSC10,152.27335270348334
ANGPTL7,65.6110168034171
MTOR,141.99105544113922
UBIAD1,87.32913252288819
DISP3,142.7864424238448
FBXO44,228.66787514621956
FBXO2,154.24123150275437
FBXO6,206.60674908891002
MAD2L2,91.93175050926232
DRAXIN,154.12491433279095
AGTRAP,91.52688048357686
MTHFR,78.55814999600679
CLCN6,101.14720270462553
NPPA,125.48625770510012
NPPB,59.203796791405296
KIAA2013,207.80753145422784
PLOD1,173.1995645623943
MFN2,101.51278865336803
MIIP,99.88835350586126
TNFRSF8,215.96905567619314
TNFRSF1B,135.45705577366473
VPS13D,185.8595885834539
DHRS3,109.66778715659461
C1orf158,153.42649416947793
LRRC38,87.47891542407908
PDPN,75.58921240118602
PRDM2,152.00008899584878
KAZN,125.67669007355994
TMEM51,78.53244208204089
FHAD1,72.54715570084579
EFHD2,164.1632161491491
CTRC,115.77456310920851
CELA2A,98.94700054990125
CELA2B,87.16489998173037
CASP9,117.75266397815074
DNAJC16,96.46726874404112
AGMAT,73.37462344596156
DDI2,89.88421512804328
PLEKHM2,129.58707074884012
SLC25A34,96.47659516005467
FBLIM1,119.16903948633868
UQCRHL,79.18942610720694
SPEN,226.37951827962365
ZBTB17,198.1317626139873
C1orf64,179.20699863376666
CLCNKA,78.2795408596815
HSPB7,181.47893019070773
CLCNKB,63.715477612034505
FAM131C,69.83504846529661
EPHA2,102.46629886993227
ARHGEF19,123.52035801419493
RSG1,179.73754826603079
FBXO42,94.55396645284563
SZRD1,200.42695347413127
NECAP2,117.05542321457386
NBPF1,51.799363929480165
CROCC,96.76375477866745
MFAP2,57.180143998556474
ATP13A2,173.75245777053158
SDHB,151.17747824383628
PADI2,85.02653618364704
PADI1,138.7658119846249
PADI4,141.30776032590506
RCC2,123.3258393037471
ARHGEF10L,98.60051629542741
IGSF21,181.47449554801966
PAX7,116.36558668264203
ALDH4A1,132.45796517778976
IFFO2,137.60376095637446
UBR4,176.75604833949154
EMC1,86.79584750123058
MRTO4,55.077449386520215
AKR7A3,92.99018972801716
AKR7A2,85.41049026026363
PQLC2,73.1739434874381
CAPZB,124.89301165243481
MINOS1,205.82929541080438
NBL1,94.29947883629558
HTR6,122.02335588150245
TMCO4,89.25659527554089
OTUD3,113.9874240516954
PLA2G2A,135.19205106046329
PLA2G5,110.68346023222304
UBXN10,146.90322595327615
VWA5B1,112.22244021554044
CAMK2N1,229.04053469064723
MUL1,73.76495580481244
FAM43B,113.50260468190567
CDA,73.78504261545555
PINK1,140.52962458658547
DDOST,172.029797385856
KIF17,100.40255059988559
SH2D5,275.1197571347352
HP1BP3,121.38588937039378
EIF4G3,130.99126899918554
ECE1,151.38620877512028
NBPF3,53.79349878453462
ALPL,94.36143468802317
RAP1GAP,126.96391222813926
USP48,86.3468181209065
LDLRAD2,77.47002486306701
HSPG2,137.64649229330442
CELA3B,108.9219313889663
CELA3A,115.66132627013553
CDC42,120.17622829978487
WNT4,91.3322323416061
ZBTB40,153.41752427758996
EPHA8,110.45559008455064
C1QA,117.60879414608905
C1QC,126.61434601168733
C1QB,112.58222682217061
EPHB2,110.10796161532838
C1orf234,65.90782349196829
KDM1A,115.2729457847598
LUZP1,137.13900755326773
HTR1D,199.10519613011485
HNRNPR,151.31146661170396
ZNF436,130.1695737658759
TCEA3,81.00271615960474
ASAP3,156.05852364101042
ID3,135.6799319292719
MDS2,59.213520160391624
RPL11,221.40187371346926
ELOA,104.99099298683134
PITHD1,195.02056389273383
LYPLA2,97.58071154407423
GALE,205.21994563402313
HMGCL,90.99117040346806
FUCA1,94.42574823765511
PNRC2,66.40685972569418
SRSF10,122.88268543910849
IL22RA1,56.342168525339645
IFNLR1,77.4399166949735
GRHL3,94.44736155619475
STPG1,101.19499865762123
NIPAL3,129.43859874268523
RCAN3,106.29044558179856
NCMAP,43.36652413182523
SRRM1,132.43413318425604
CLIC4,120.6695853811257
RUNX3,144.2999382089354
SYF2,160.41462795804517
RHD,41.57803446606377
RSRP1,149.74230338090993
TMEM50A,98.2032332576405
RHCE,63.38930405494361
TMEM57,93.70217757041573
LDLRAP1,64.46589553554094
MAN1C1,97.53853728243143
SELENON,100.02871714776796
MTFR1L,117.40308087394848
AUNIP,68.29018013802943
PAQR7,127.74788796542043
STMN1,101.16246827653322
PAFAH2,69.69370709484718
EXTL1,105.09306148595661
TRIM63,127.55418888377844
PDIK1L,133.12736577392388
FAM110D,152.2643468831526
RP11-96L14.7,60.71472530676061
CNKSR1,95.87633709735019
CEP85,81.59913125825838
SH3BGRL3,114.33404222877343
CD52,116.43573416078297
UBXN11,215.97663323879817
DHDDS,126.88029183303237
HMGN2,269.80707972151333
RPS6KA1,133.87935918428246
ARID1A,133.86693941287064
PIGV,108.52206257283163
ZDHHC18,76.44250188403299
SFN,115.241716117457
GPN2,75.8709294626527
GPATCH3,88.45401345528887
NUDC,160.71068529547088
NR0B2,65.87845451099045
KDF1,62.54588525008714
TRNP1,94.57091276914386
FAM46B,109.4590585966113
SLC9A1,114.720190035624
WDTC1,162.0846862033869
TMEM222,144.32772283270953
SYTL1,109.64485920857973
MAP3K6,111.45617480351899
FCN3,86.84538644285703
CD164L2,89.40182601108555
GPR3,130.15422302870797
WASF2,114.98067058352439
AHDC1,106.19195037718973
FGR,103.1984984317252
IFI6,138.90204858829108
FAM76A,109.99900348320318
STX12,149.07133704681902
PPP1R8,131.63160683697006
THEMIS2,68.2661503494017
RPA2,61.61288100573395
SMPDL3B,71.03596892926882
XKR8,131.02849167370323
EYA3,87.98000696486275
PTAFR,148.0800696512236
DNAJC8,187.07712088427257
ATPIF1,122.84212809765896
SESN2,109.97401248380208
MED18,94.97166737107975
PHACTR4,64.46916697392211
RCC1,88.73907242131162
TRNAU1AP,131.8327365493411
RAB42,62.93947533822336
TAF12,91.70967266987512
GMEB1,115.16833483760723
YTHDF2,115.13908681098584
OPRD1,191.01629839670662
EPB41,125.32085964933054
TMEM200B,109.83850015299663
SRSF4,116.25328752571986
MECR,94.3303660688542
PTPRU,103.25846372458622
MATN1,75.80083228773319
LAPTM5,190.4681366892362
SDC3,123.46733904283221
PUM1,101.16918059001372
NKAIN1,72.15588988573003
SNRNP40,113.47901722471522
ZCCHC17,67.70944587558714
FABP3,73.7168185671267
SERINC2,91.23529746583122
TINAGL1,161.45603239911392
HCRTR1,70.72111847200452
PEF1,208.75964958575048
COL16A1,91.6379299377968
ADGRB2,190.32816596776036
SPOCD1,60.70549469186196
PTP4A2,156.1828866124978
KHDRBS1,218.07251122462083
TMEM39B,73.24177537319349
KPNA6,166.29066239530465
TXLNA,100.1034250803294
CCDC28B,74.23220565974171
IQCC,85.45244966421046
DCDC2B,62.47678495823277
EIF3I,120.22111633901503
TMEM234,171.1666298916843
FAM167B,79.62530268906409
LCK,150.9923002316446
HDAC1,91.50064117399131
MARCKSL1,202.3829796438476
TSSK3,101.69870919293535
FAM229A,154.17805596759507
BSDC1,143.0688612454515
ZBTB8B,161.27222879260117
ZBTB8A,151.93495963608015
ZBTB8OS,71.53605220909489
RBBP4,143.55904049848783
SYNC,126.30026869107485
KIAA1522,127.70292137281697
S100PBP,122.75987062595462
YARS,160.0520609739768
FNDC5,232.74584412321548
HPCA,170.3358454744332
TMEM54,152.76840410367845
RNF19B,151.38245380524148
AK2,147.03742730512124
AZIN2,103.53236324516226
TRIM62,119.26003648360225
ZNF362,90.750484965201
PHC2,93.99495310631352
ZSCAN20,72.78094890064924
CSMD2,93.57502768569975
C1orf94,57.258115757634044
GJB5,91.25063307909161
GJB3,87.69032103029153
GJA4,116.02279483885997
SMIM12,116.04846792073428
DLGAP3,234.16511045841662
TMEM35B,67.58240017211773
ZMYM6,90.16593491819626
ZMYM1,49.843897921985985
SFPQ,225.18748827421024
ZMYM4,154.33797245428417
KIAA0319L,149.51550512439354
NCDN,285.44984828832855
TFAP2E,85.76027546802555
PSMB2,107.5602998367545
C1orf216,250.8022394008633
CLSPN,77.26149748635012
AGO4,135.73410446479576
AGO1,126.2099829009224
AGO3,127.4000576406074
TEKT2,120.56779140808135
ADPRHL2,56.854658607082655
COL8A2,94.35040596653423
MAP7D1,237.17296650071927
TRAPPC3,96.96744829797609
THRAP3,138.43846946563016
SH3D21,93.25942932151631
EVA1B,77.7830696846867
STK40,162.6431488971604
LSM10,146.36864982194712
OSCP1,127.663405049754
MRPS15,149.72375416177854
CSF3R,132.19850879078808
GRIK3,196.8642892572649
ZC3H12A,118.93061384983781
MEAF6,197.07577368565882
SNIP1,143.46152016403187
DNALI1,232.7689936313837
GNL2,125.52001354457707
C1orf109,68.42749377995497
CDCA8,100.5256455626315
EPHA10,117.0024343782508
MANEAL,127.66270121026767
YRDC,84.28115267156926
C1orf122,194.87452791835167
MTF1,93.67221288049177
INPP5B,121.71974714226093
SF3A3,174.26080979380595
FHL3,104.44616824346875
UTP11,109.91999955843147
POU3F1,118.02601327295537
RRAGC,115.11434470015055
MYCBP,90.65616822445656
GJA9,67.51040961642659
RHBDL2,98.59356732566457
AKIRIN1,143.89388771228658
NDUFS5,246.38044297507003
MACF1,203.96141695155296
BMP8A,63.7317792347481
PABPC4,132.63334300458607
HEYL,81.72625856863928
NT5C1A,94.46803795704173
HPCAL4,68.01853794554833
PPIE,60.20168394074554
OXCT2,62.153524472518285
BMP8B,149.38893538013426
TRIT1,94.78702299553365
MYCL,94.1835239230108
MFSD2A,230.68682357986353
CAP1,142.93304792161308
PPT1,101.15001266816091
RLF,216.01644476755996
ZMPSTE24,140.08053458615726
COL9A2,176.82853074209902
SMAP2,217.66225938523166
ZFP69B,110.91146794989913
ZFP69,97.26211839938793
EXO5,83.8149029691779
ZNF684,76.6629485326277
RIMS3,216.47757914478478
NFYC,88.24408704464378
KCNQ4,107.18871873440281
CITED4,196.20201670910683
CTPS1,91.43414645109871
SLFNL1,69.77287112064278
SCMH1,133.96964064534706
FOXO6,190.20110493131938
HIVEP3,119.64476258904256
FOXJ3,183.55304410579333
RIMKLA,181.06257817749923
ZMYND12,176.18101210931667
PPCS,121.1508645825023
CCDC30,111.3941103082172
PPIH,74.74937745678636
YBX1,116.01687478261269
P3H1,151.01026629245735
C1orf50,84.55332253768344
TMEM269,57.71022302614384
SVBP,91.5060936113133
ERMAP,65.84691865387163
ZNF691,56.49340383514243
SLC2A1,254.8579578191413
FAM183A,143.61954201770263
CFAP57,164.86485413961802
TMEM125,179.20366389442432
EBNA1BP2,99.10736021628796
C1orf210,51.88068128986711
TIE1,153.27725604121022
MPL,79.20707346416097
CDC20,89.12343602271704
ELOVL1,209.64912165055574
MED8,83.4304983498026
SZT2,165.81837326003898
PTPRF,168.85964774432392
KDM4A,96.80500713422083
ST3GAL3,106.09561041240832
ARTN,76.36894829028031
IPO13,141.57675558912902
DPH2,95.3149831288244
ATP6V0B,190.10853378587706
B4GALT2,102.16504233552604
CCDC24,115.51171063936883
SLC6A9,161.38984107194557
KLF17,112.01971936929539
DMAP1,123.37748104475256
ERI3,122.55594280621398
RNF220,188.46390518940052
TMEM53,66.06900434809273
C1orf228,90.35000545769475
KIF2C,78.62340790238864
RPS8,228.0058841705887
BEST4,108.73994432192487
PLK3,123.5766338624912
TCTEX1D4,49.29964108275237
BTBD19,64.2568986185484
PTCH2,168.395173370772
EIF2B3,71.39934722857348
HECTD3,137.22913067653246
UROD,132.23492217431775
ZSWIM5,125.3185651467748
HPDL,130.07001610724103
MUTYH,55.091450686290244
TOE1,78.43412629575553
TESK2,80.1977242695516
CCDC163,58.21452161542996
MMACHC,60.93237241807017
PRDX1,140.94467578468777
AKR1A1,76.57089677989504
NASP,133.32286745670206
CCDC17,93.86423969548756
GPBP1L1,102.44465167288044
TMEM69,146.342935131765
IPP,72.76772038165586
MAST2,196.10831222071857
PIK3R3,139.38182218574804
TSPAN1,72.68345595373603
POMGNT1,194.11938603238372
LURAP1,77.41492870455133
RAD54L,91.92501252391466
LRRC41,135.83867663761362
UQCRH,190.85957608355181
NSUN4,105.27670269980658
FAAH,86.52450463162597
RP11-49P4.7,52.899921610183526
KNCN,56.65647777598417
MKNK1,129.34259360484174
MOB3C,156.0999934714905
TEX38,47.714456582596114
ATPAF1,135.17294721133766
EFCAB14,172.78839149319816
CYP4B1,102.9721428423172
CYP4A11,69.06733088885491
CYP4X1,135.78624637837748
CYP4Z1,72.28779506134751
CYP4A22,57.00172650574228
PDZK1IP1,113.45164497683936
TAL1,148.62854057407418
STIL,131.42539429868492
CMPK1,145.89462908925663
FOXE3,139.66665823405054
FOXD2,119.30953130013731
TRABD2B,71.91549369173194
SLC5A9,67.45335726457893
SPATA6,126.63612695861974
BEND5,137.49379418974235
AGBL4,176.00602923087476
ELAVL4,126.11915368500618
FAF1,97.89177168986743
CDKN2C,117.32399996023338
RNF11,175.776386505453
TTC39A,117.68724838116674
EPS15,97.73342890747745
OSBPL9,148.84597615017037
NRDC,158.73535335853524
RAB3B,140.96599812121565
KTI12,84.04021616454344
TXNDC12,117.83695054222284
BTF3L4,129.4315656639557
ZFYVE9,193.08128156975897
CC2D1B,98.4275899839952
ORC1,97.01579332454213
PRPF38A,128.39990567534574
ZCCHC11,79.1575033277521
GPX7,87.34184456361893
FAM159A,47.29102438650378
COA7,112.73652384422627
ZYG11B,127.14937390630408
ECHDC2,137.9483878421446
SCP2,93.27048665297517
PODN,89.04028870169961
SLC1A7,67.81063852193094
CPT2,145.0018328399966
C1orf123,71.89603563764032
MAGOH,128.02254891499183
LRP8,133.44807398902714
GLIS1,74.98071639303686
NDC1,97.19523726812591
YIPF1,107.61912959151383
HSPB11,88.4936421546661
LRRC42,60.4245223044563
TMEM59,140.25019143204497
TCEANC2,148.28244757707168
CDCP2,53.586553686250284
MRPL37,106.23550998739645
CYB5RL,83.80490644042212
SSBP3,144.87999536442067
ACOT11,109.99382836217359
FAM151A,47.66554705780757
MROH7,134.0176402231835
TTC4,109.56240313932045
PARS2,74.75499180591999
TTC22,113.17525923018661
LEXM,75.68446159496585
DHCR24,176.51331310356778
TMEM61,81.66930608687298
BSND,53.08635853892275
USP24,269.5801028171505
PLPP3,145.13047056854782
PRKAA2,90.34646865800289
DAB1,258.5909161265106
OMA1,63.66004585007326
TACSTD2,143.1131125761449
MYSM1,170.73866139565988
JUN,165.60865319163372
FGGY,74.17943707270348
HOOK1,89.39335141619267
CYP2J2,166.22945270613224
C1orf87,220.54899835172517
NFIA,130.19458499437698
TM2D1,96.45708145279826
PATJ,108.91021998065594
L1TD1,66.80149070600481
KANK4,84.928356854837
USP1,124.75642283820721
DOCK7,120.14540555579413
ATG4C,100.89132610552952
ALG6,96.63360708369865
EFCAB7,89.44552088120008
ITGB3BP,90.19557684031017
PGM1,101.58947650168645
ROR1,76.47070231599409
CACHD1,116.11653856367269
RAVER2,138.20814307643894
JAK1,77.0019383576207
AK4,152.69363815643229
DNAJC6,129.62280366303938
LEPROT,67.9327295992912
LEPR,133.39797867495054
PDE4B,132.03365134312975
SGIP1,137.3315605410022
TCTEX1D1,81.57562483993135
INSL5,47.58180747839748
WDR78,113.30776716593573
MIER1,81.55609250062972
SLC35D1,84.81223612655776
C1orf141,77.804660283706
IL12RB2,59.96208766981596
SERBP1,125.16226730517752
GADD45A,149.29571799753217
GNG12,140.53236086318225
DIRAS3,132.83242890253487
WLS,179.61272475571332
RPE65,93.59325809613313
LRRC7,100.28309795298344
LRRC40,143.14468981166945
SRSF11,141.60314376877903
ANKRD13C,94.74331866306315
HHLA3,87.0500250121998
CTH,190.52465056309228
ZRANB2,202.32098207281888
NEGR1,153.31423486653966
LRRIQ3,58.974649134825626
FPGT,114.42290921857767
TNNI3K,63.24767940481041
ERICH3,165.77827685161031
CRYZ,58.98083336380907
TYW3,86.59906322692149
LHX8,184.71183931422794
SLC44A5,82.72009256529466
ACADM,147.3526312413316
RABGGTB,119.52378858294307
MSH4,93.6343446140684
ST6GALNAC3,79.44562820322483
ST6GALNAC5,130.5871523122645
PIGK,113.4333480318131
AK5,121.85487186279326
ZZZ3,106.22682123360156
USP33,122.50976678710674
MIGA1,106.62228286553508
NEXN,148.17017316437224
FUBP1,153.68382875569
DNAJB4,111.92112091495619
GIPC2,71.43525129921386
PTGFR,97.57256228148759
IFI44L,130.64668615509618
IFI44,137.57676820287395
ADGRL4,113.97484495751738
ADGRL2,100.4067970589781
TTLL7,239.54059590845094
PRKACB,234.7266534852804
SAMD13,71.13158598499433
DNASE2B,68.41047329087542
RPF1,130.29239889955107
GNG5,94.08586843543088
SPATA1,85.8712601570684
CTBS,70.10570225286997
SSX2IP,170.93434633479234
LPAR3,75.13254636929452
MCOLN2,68.87750768839018
WDR63,123.34953099434208
MCOLN3,56.026512317076964
SYDE2,61.678477607678275
C1orf52,128.69033810795347
BCL10,128.22467960542255
DDAH1,117.05206781655153
CYR61,146.7104072791487
ZNHIT6,90.65630328910675
COL24A1,126.81303787044695
ODF2L,115.82087984746639
CLCA2,92.934436480123
CLCA4,97.55026146422009
SH3GLB1,161.6742222377656
SELENOF,101.76521265335649
HS2ST1,180.87837818111257
LMO4,185.05056226571492
PKN2,160.39733938809042
GTF2B,167.0288419601176
KYAT3,67.64063331450419
RBMXL1,99.11712562803328
GBP3,65.846072659291
GBP1,148.8570784266629
GBP2,119.5237068850065
GBP4,156.89960063978242
GBP5,99.28151725560403
GBP6,108.6866255001369
LRRC8B,218.17266772783665
LRRC8C,134.05916103137304
LRRC8D,83.35616773072667
ZNF326,149.91575350633454
ZNF644,93.29195915136262
HFM1,73.21824323386198
CDC7,105.96397590674954
TGFBR3,123.46855342615865
BRDT,71.3140086683151
EPHX4,161.91614749256868
SETSIP,66.90699968116428
BTBD8,64.33947446507622
KIAA1107,162.69801933910887
C1orf146,77.5306532742151
GLMN,87.0955298549128
RPAP2,105.16526086225878
GFI1,98.22175641731243
EVI5,155.55709207663355
RPL5,187.0280256830645
FAM69A,91.48575090756384
MTF2,106.64162290380628
TMED5,88.89365377516864
CCDC18,69.94465903342106
DR1,184.92619088194084
FNBP1L,175.65719511085615
BCAR3,107.67531708233693
DNTTIP2,124.90237834881412
GCLM,94.6099891997568
ABCA4,82.56636986354468
ARHGAP29,199.6958729271691
ABCD3,109.09422827250467
F3,151.96648384179042
SLC44A3,117.02691247729675
CNN3,179.48528165122485
ALG14,82.21317896281235
TMEM56,127.63809076364598
RWDD3,43.27745729020074
PTBP2,123.47312103467803
DPYD,94.47036507832757
SNX7,99.23807863672099
PLPPR5,227.45466666453262
PLPPR4,277.03627421187576
PALMD,79.00650176093245
FRRS1,69.48938613466254
AGL,90.16362701028811
SLC35A3,94.00229286641175
MFSD14A,223.66578394123258
SASS6,59.21080483185827
TRMT13,88.20226681426405
LRRC39,131.48966713948352
DBT,83.32170703825818
RTCA,72.58174171488935
CDC14A,127.09326889405995
GPR88,173.68486016996258
VCAM1,93.44399807046199
EXTL2,140.70946218375556
SLC30A7,134.92254455939653
DPH5,92.57123093128942
S1PR1,108.33751762688578
OLFM3,199.65514767384673
COL11A1,145.40849095014036
RNPC3,144.50707324583342
AMY2B,93.17580019399412
AMY2A,67.89415390203209
PRMT6,112.37525359645983
NTNG1,120.67966371008254
VAV3,68.94424912112345
SLC25A24,76.75451154701747
NBPF4,83.51486597311046
NBPF6,43.24588421615297
FAM102B,177.68635771135803
HENMT1,123.2713973121553
PRPF38B,162.92869810048256
FNDC7,57.23797594375142
STXBP3,148.1215093291136
AKNAD1,50.82065337264382
GPSM2,107.06599231308653
CLCC1,94.19992980205797
WDR47,110.45786675474733
TAF13,124.22738944820208
TMEM167B,149.33212053824604
C1orf194,81.44712296500083
KIAA1324,125.57220937356033
SARS,117.74975997983455
CELSR2,148.42798263473028
PSRC1,107.75741771603066
MYBPHL,81.04987968314074
SORT1,190.6370521385818
PSMA5,91.42854223684583
SYPL2,91.9248224653374
ATXN7L2,236.81087454580506
CYB561D1,92.16264798178207
AMIGO1,101.71740427806125
GPR61,100.00963612791864
GNAI3,152.80414634601323
AMPD2,255.96840428117673
GSTM4,89.59351871347872
GSTM2,127.43074808194211
GSTM1,111.01877054466257
GSTM5,58.585912457915924
GSTM3,63.29269066612764
CSF1,135.16390434059977
AHCYL1,212.97158478651102
STRIP1,152.2095029435592
ALX3,81.30170733612144
UBL4B,62.30827707257001
SLC6A17,186.32427521917373
KCNC4,123.799405140938
RBM15,96.3822958822557
SLC16A4,105.87615049317867
LAMTOR5,156.64946569803834
PROK1,62.9516395507988
KCNA2,161.8786279291123
KCNA3,83.73497707261106
CD53,161.79003242768144
LRIF1,171.38848535654293
DRAM2,72.02886039480586
CEPT1,89.81627407807517
CHI3L2,110.45708573830788
DENND2D,118.57154258132948
PIFO,92.91362093681767
OVGP1,151.93847531586928
WDR77,136.64762592959283
ATP5F1,139.30022722165648
C1orf162,70.98410848379982
ADORA3,127.08852674229428
RAP1A,121.0545319789305
TMIGD3,114.35139899406644
FAM212B,118.22515960832712
DDX20,109.01989361428346
KCND3,171.37276422606158
CTTNBP2NL,136.37238105144868
WNT2B,186.71565360524468
CAPZA1,134.2579891829943
ST7L,81.82540287129649
MOV10,185.58817184698313
RHOC,128.18730484832759
PPM1J,81.78099174921064
FAM19A3,93.26418852691916
SLC16A1,132.56094582722187
LRIG2,81.88125049466385
MAGI3,106.53827468112712
PHTF1,126.54396246265006
RSBN1,77.91030337354022
PTPN22,77.88035682599929
BCL2L15,55.42665471924403
AP4B1,99.4509649968802
DCLRE1B,81.42663569662363
HIPK1,83.12055577286938
OLFML3,121.33572435743022
SYT6,158.69854049096773
TRIM33,135.49260821621033
BCAS2,123.09700106872481
DENND2C,130.41851238265565
NRAS,86.92719772118082
CSDE1,156.84215764049793
SIKE1,82.04022332129222
TSPAN2,82.29176504172318
NGF,132.17531436967482
VANGL1,106.86527298003747
CASQ2,126.12417536225382
NHLH2,70.39778741826697
SLC22A15,59.5273629283148
ATP1A1,156.77318928801694
CD58,126.59831009176935
IGSF3,160.2356786410158
CD2,124.08989884015259
PTGFRN,120.25375931504189
CD101,87.98344426401582
TTF2,53.185607783001785
TRIM45,56.77797834085163
MAN1A2,134.298122137012
FAM46C,62.370746245789064
GDAP2,114.67455109093962
WDR3,122.62585465666541
SPAG17,131.85512626331644
TBX15,79.07848056320643
WARS2,73.81787423228607
HSD3B2,95.45368070318904
ZNF697,63.29725771208999
PHGDH,177.77191360836332
NOTCH2,136.5808638792831
SEC22B,78.26131834061457
NBPF26,34.500248433126416
FCGR1B,177.64728975306417
SRGAP2C,111.63155131381188
FAM72B,94.6780064993514
HIST2H3PS2,71.61982987759671
FAM72C,66.97303037754955
NBPF15,82.91645807599161
SRGAP2B,109.081479774771
FAM72D,40.13260609039159
NBPF20,66.53899987854783
GPR89A,55.253214911760296
PDZK1,68.68775532659717
CD160,84.52417863423955
RNF115,108.48201935178835
POLR3C,95.40914490015749
NUDT17,90.17645766361602
PIAS3,136.1215154875695
ANKRD35,154.09016645963555
ITGA10,213.4969025414835
PEX11B,163.3371017636738
RBM8A,136.5632519086512
LIX1L,127.43811657138355
ANKRD34A,106.23872877635645
POLR3GL,197.4773062723675
TXNIP,136.12167797813186
HFE2,68.87180498196531
NBPF10,77.9189904316948
NOTCH2NL,64.22882526420301
CH17-385C13.3,56.16799214956092
NBPF12,67.13125915507695
PRKAB2,160.81812466872802
CHD1L,79.79633002531398
FMO5,66.2692173746951
BCL9,104.71007503866781
ACP6,57.081933756516435
GJA5,172.99035956586215
GPR89B,75.80140272062903
NBPF11,68.63287755155076
NBPF14,81.63408210010954
PDE4DIP,146.9334505429681
NBPF9,60.210034194462764
NBPF19,96.18272574004212
FCGR1A,132.40479111582118
HIST2H2BF,104.1598950389118
HIST2H3D,77.01318899181916
HIST2H4A,60.01010598449133
HIST2H2BE,141.23371216409606
HIST2H2AC,57.50743947790261
BOLA1,60.38186483223302
SV2A,137.30228907031884
SF3B4,196.7390739529448
MTMR11,88.05590520209518
OTUD7B,213.60334472910074
VPS45,119.01314606482046
PLEKHO1,128.77135298960485
ANP32E,162.86630356559124
CA14,153.50844700819806
C1orf54,100.05865538425203
APH1A,97.79211360806255
CIART,183.0798422686211
MRPS21,111.44259037463667
PRPF3,180.4783953105873
RPRD2,130.55078810303337
TARS2,85.4636445572647
ECM1,74.9736565754855
ADAMTSL4,97.47218506277468
MCL1,204.38473433063342
ENSA,129.00840115660162
GOLPH3L,89.64676242411974
CTSS,116.61558758095364
CTSK,124.14012549208996
ARNT,72.78958647938092
SETDB1,140.5505778377525
CERS2,129.34994888421943
ANXA9,77.69908569534218
MINDY1,90.67060863836761
PRUNE1,56.65482177989716
BNIPL,83.07734368331677
C1orf56,53.26426273217547
MLLT11,174.2089751136066
CDC42SE1,137.38634057602567
GABPB2,75.99945854803767
SEMA6C,129.81052256598463
TNFAIP8L2,109.76261977273964
LYSMD1,75.59775087065071
SCNM1,91.64526966416358
TMOD4,77.53364475916274
VPS72,149.52053332010502
PIP5K1A,110.45036306089429
PSMD4,118.14738201616404
ZNF687,94.08159636511363
PI4KB,121.85962665923304
RFX5,104.93143301220778
SELENBP1,148.94948612371883
PSMB4,242.29870207829697
POGZ,156.8732523763798
CGN,84.08377749445256
TUFT1,101.23521793524876
SNX27,81.6738815538337
RIIAD1,59.10907800522702
CELF3,163.4282117374361
OAZ3,66.45339535016657
MRPL9,116.69147074911075
TDRKH,55.97934663016139
LINGO4,67.93799456447604
RORC,111.29007806132014
C2CD4D,102.55935312234456
THEM5,91.20325232663555
THEM4,123.94291581550365
S100A10,102.83619728407439
S100A11,109.63382701933799
TCHH,67.5787670236499
HRNR,59.08785301363841
FLG,67.02875685784122
FLG2,136.46545305405004
CRNN,113.6299196468002
LCE5A,68.32026185808411
C1orf68,139.3858290911972
KPRP,177.1362535347667
IVL,128.1321290257541
SPRR3,138.87525011737904
SPRR1B,139.9789397880002
SPRR2A,116.71742401921549
SPRR2E,103.75394531032387
SPRR2G,61.382379783390945
LOR,127.87566742441942
S100A9,187.42277481616864
S100A12,126.50180414810961
S100A8,190.39049780678135
S100A6,179.68229346669187
S100A3,72.30255617873863
S100A4,127.9875348837702
S100A2,60.67735245416185
S100A16,151.8197837745592
S100A14,113.5378186381661
S100A1,155.52706788772934
S100A13,96.73925107313138
CHTOP,154.60778689100653
SNAPIN,95.05914531763926
ILF2,117.5201667112182
NPR1,156.1699149495513
INTS3,174.37440480276325
SLC27A3,128.29040479189638
GATAD2B,141.85841346506282
DENND4B,124.17439169294437
CRTC2,150.5631746170369
SLC39A1,87.86461194392564
CREB3L4,89.91057811129329
JTB,191.9399773166677
RAB13,118.2547626663185
RPS27,256.70273994700034
NUP210L,76.89973151321834
TPM3,209.4100118255963
C1orf189,96.92974095818249
UBAP2L,174.9954302421167
C1orf43,120.82118009151418
HAX1,124.65372516170342
ATP8B2,143.74603832324482
IL6R,83.52867431951898
SHE,146.71508278628045
TDRD10,110.17659544067996
UBE2Q1,162.18676215528967
CHRNB2,194.76774982169488
ADAR,177.65387506384332
KCNN3,209.55279165114126
PMVK,108.41520657166029
PBXIP1,119.54700435391959
PYGO2,156.01112178177033
SHC1,122.43404327628593
CKS1B,92.8003053353435
FLAD1,126.0188113508269
ZBTB7B,104.46244160971122
DCST2,60.18025441316814
DCST1,56.827198937472616
ADAM15,141.8909473848574
EFNA4,70.49158508812286
EFNA3,129.92839099791698
EFNA1,154.80485074063307
SLC50A1,76.31241480448915
DPM3,128.5387008240476
KRTCAP2,101.93937885525011
TRIM46,105.04874886702433
MUC1,135.82952134687687
THBS3,178.4109406797172
MTX1,68.06256703166554
GBA,93.41708982513558
FAM189B,126.89765777063488
SCAMP3,113.06122440547574
HCN3,122.75575365076159
CLK2,112.48873874219694
PKLR,73.94277045454558
FDPS,96.69862251250055
RUSC1,132.1493588135134
ASH1L,135.51426090992746
MSTO1,87.38700431136533
DAP3,88.85693504931928
YY1AP1,118.88054026080619
GON4L,199.75171231184044
SYT11,281.80868090038996
RIT1,179.73901272146077
KIAA0907,153.54387397710678
ARHGEF2,113.67034628588098
SSR2,134.11019680949033
UBQLN4,161.52993388337597
LAMTOR2,54.666937570503904
RAB25,119.06047635796955
MEX3A,145.27223649181462
LMNA,94.89168636799198
SEMA4A,132.64602898131488
SLC25A44,84.32526312764628
PMF1,133.938062870259
BGLAP,95.00395488749677
PAQR6,154.22458769588434
SMG5,100.26654057163964
TMEM79,71.19871665758944
GLMP,70.78889180313976
TSACC,93.4124934445903
CCT3,172.3891583078598
C1orf61,180.42000584420202
MEF2D,208.80551371810725
IQGAP3,80.85619339601806
TTC24,72.43415638038095
NAXE,79.31951621535796
GPATCH4,148.1584327482978
HAPLN2,111.00776775845921
BCAN,154.04162020569962
NES,191.70305942018666
CRABP2,258.27815009307045
ISG20L2,98.37255906267492
RRNAD1,127.98008278077776
MRPL24,140.52473881699794
PRCC,125.60818189942299
HDGF,155.15082854159098
NTRK1,228.25434090619842
SH2D2A,77.53751183626102
INSRR,176.33249827128097
PEAR1,172.20321893224553
LRRC71,158.51538186783534
ARHGEF11,141.0639555796511
ETV3L,90.79139912010186
ETV3,105.28765717710667
KIRREL,160.63172188962685
CD1D,63.114407577535616
MNDA,138.20412635079245
PYHIN1,126.16268937669025
IFI16,137.82370113329355
AIM2,94.70415190144814
CADM3,134.41423692675676
ACKR1,93.44613053883464
FCER1A,62.65462329115334
CRP,85.35560411825301
DUSP23,159.83832096703992
FCRL6,98.18953883245351
SLAMF8,67.51898850921415
C1orf204,143.71365271265816
VSIG8,59.408689966249426
CFAP45,152.58696125246976
TAGLN2,106.2975903958363
IGSF9,140.5009080210431
PIGM,119.20031307480224
KCNJ10,174.99739199626845
KCNJ9,110.77123821111033
IGSF8,95.00481967875257
ATP1A2,121.37121413667819
ATP1A4,57.841797082365304
CASQ1,70.8113791224248
PEA15,79.22501517083836
DCAF8,155.80373617729504
PEX19,117.71192346006922
COPA,131.9053544688845
NCSTN,100.33948057737302
NHLH1,87.17389713933687
VANGL2,153.60102026812817
SLAMF6,124.52585271526073
CD84,155.33408407358033
CD48,133.3442257893092
SLAMF7,148.73002428206848
CD244,93.31171774221647
ITLN1,96.40402762921627
F11R,85.47427593832012
TSTD1,70.2200520162261
USF1,101.89483238342956
ARHGAP30,133.00511354385065
NECTIN4,101.26914915142845
KLHDC9,103.46006545176473
PFDN2,183.8344347520017
NIT1,135.65384937284753
DEDD,108.43887217474949
UFC1,141.33162750555235
USP21,148.98135457398118
PPOX,86.86000479181862
B4GALT3,117.64388973462559
NDUFS2,153.13376183055374
ADAMTS4,68.7307748001412
FCER1G,125.21713945586353
APOA2,81.72171315118192
TOMM40L,147.04174955350481
NR1I3,131.25279537514973
PCP4L1,132.60305638661671
MPZ,42.71430495910536
SDHC,155.4002142821401
FCGR2A,88.04238394255975
HSPA6,91.56190283318932
FCGR3A,124.28052792864955
FCGR3B,136.54127953748758
FCGR2B,80.15125435282087
FCRLA,63.90076490903061
FCRLB,70.88247539710505
DUSP12,74.28925278257452
ATF6,76.73387563850724
OLFML2B,78.7490567446975
NOS1AP,203.92258505570481
SPATA46,77.3769488491481
C1orf226,83.87571419408184
SH2D1B,80.72845132929362
UHMK1,103.43030849866369
UAP1,52.1842266980679
DDR2,144.16265731897573
HSD17B7,95.18507654352388
CCDC190,54.803012633887306
RGS4,196.86379567513524
RGS5,156.86716101115798
NUF2,60.16388286232305
PBX1,120.61115070741423
RXRG,143.09931590682402
MGST3,149.0370555264136
ALDH9A1,57.194263282273965
TMCO1,130.3241415347238
UCK2,98.44916381835819
FAM78B,67.27166042361839
POGK,184.80558741420276
TADA1,85.71752655692612
ILDR2,202.591784530562
MAEL,86.89542288041204
DUSP27,45.396368060895924
POU2F1,204.34930171783282
CD247,97.05563729679207
CREG1,122.47763913555988
RCSD1,120.48222255036416
MPZL1,99.09847943811971
ADCY10,55.118937114516115
DCAF6,97.54050890977373
MPC2,124.9270937708649
GPR161,85.41894970849927
TIPRL,79.95837911948365
SFT2D2,88.8216598723379
TBX19,59.219855726338295
XCL1,68.62847638209314
DPT,115.62530990782457
ATP1B1,168.12802903129779
NME7,75.64395253786293
BLZF1,131.19693793247035
CCDC181,123.96986892218493
SLC19A2,122.0635371376255
F5,63.282047571833346
C1orf112,64.06789014159463
SELL,107.55752312514656
SELE,133.04738815371152
METTL18,69.62622325502448
SCYL3,67.10939999160541
KIFAP3,157.85025540026032
METTL11B,96.76383515917237
GORAB,88.24065069539401
PRRX1,153.6511231790882
FMO3,74.5251323751558
FMO2,94.2943492444017
FMO1,46.04094498953546
FMO4,72.73800210652024
PRRC2C,191.88494746596442
MYOC,47.22196320596046
VAMP4,95.76113346150385
METTL13,91.25839983556364
DNM3,128.5345398452292
PIGC,71.09413299658442
SUCO,42.618059218001775
FASLG,101.55856223862384
TNFSF18,78.68484075630082
TNFSF4,117.42222667969074
PRDX6,188.54471626325565
SLC9C2,87.66638030050305
ANKRD45,113.05195898000821
KLHL20,117.53280664793908
CENPL,98.49296826290998
DARS2,94.87108742579645
ZBTB37,157.01383439711125
SERPINC1,54.35472177698463
RC3H1,130.1682397137382
RABGAP1L,106.94694317893672
GPR52,114.47830984081529
CACYBP,202.38530056998763
MRPS14,126.01734282084632
KIAA0040,175.31820908874562
TNR,285.9854767240503
RFWD2,56.99798464796132
PAPPA2,78.69282521251705
ASTN1,147.18698933485274
BRINP2,129.46709721214836
SEC16B,71.10272214318175
RASAL2,128.11757849203954
RALGPS2,109.10734105815948
ANGPTL1,135.17630990982306
FAM20B,105.95879950947074
TOR3A,130.6996654878918
ABL2,94.83741376489635
SOAT1,83.3904112806151
AXDND1,83.76267686810456
TDRD5,109.34191498590246
FAM163A,100.80467271198873
TOR1AIP2,102.56233328049751
TOR1AIP1,140.80012217704638
CEP350,228.27852161064968
QSOX1,85.0139220199334
LHX4,65.23168452022173
ACBD6,110.3045234718428
XPR1,116.35541674701304
KIAA1614,71.03511203877113
STX6,68.84077868367393
MR1,67.88705261918457
IER5,95.8106022231463
CACNA1E,217.97612621909002
GLUL,141.54643333429001
RNASEL,64.67133916859942
RGS16,132.2554093345137
RGS8,262.8977402992595
NPL,200.3170564134694
DHX9,207.2106837958317
LAMC1,157.17277583073465
LAMC2,74.95153329986928
NMNAT2,224.01356602046997
SMG7,141.835937942685
NCF2,94.47530334663423
ARPC5,205.59004944443473
RGL1,150.27821692014405
COLGALT2,55.564905389774935
TSEN15,105.99063687246405
C1orf21,132.9873233548156
EDEM3,57.41999438691036
FAM129A,116.85286949656984
RNF2,133.10709489063308
TRMT1L,86.4672539420836
SWT1,81.08103038995694
IVNS1ABP,220.5508292773892
HMCN1,124.81541080015572
PRG4,87.71593889413688
TPR,186.87932186859956
C1orf27,42.73244917590071
OCLM,44.61047761802024
PDC,71.64427156031442
PTGS2,149.8232906001171
PLA2G4A,124.18516089406984
BRINP3,152.4211514282177
RGS18,107.42083272146334
RGS1,188.1777509600182
RGS13,86.07779865771613
RGS2,221.4875837792838
TROVE2,93.65564894446896
UCHL5,94.53624575736603
GLRX2,101.1425687800459
CDC73,90.55893411250875
B3GALT2,133.4752310375554
KCNT2,141.25166836358156
CFH,115.90207726384594
ZBTB41,95.31736281942361
CRB1,135.94810019784092
DENND1B,117.88442826785729
C1orf53,58.51373146628961
LHX9,158.3629514290075
NEK7,185.77254772726673
PTPRC,162.53810981937093
ZNF281,91.73359322620533
DDX59,67.3276795172628
CAMSAP2,127.36783898428462
GPR25,80.69693628532008
C1orf106,233.0898237117595
KIF21B,134.05808713809643
CACNA1S,89.44947254774226
ASCL5,74.03103035636173
TMEM9,98.51720833110988
IGFN1,108.5364478130638
PKP1,159.35960618742067
TNNT2,114.74077505518486
TNNI1,115.44779217581544
PHLDA3,106.23308144385751
CSRP1,133.55237791627215
NAV1,169.94699396584747
IPO9,153.7677997856249
SHISA4,136.06091555365984
LMOD1,175.33155917853745
TIMM17A,90.47874555159865
RNPEP,110.73708344810493
ELF3,72.79641024169345
GPR37L1,107.82952863654106
ARL8A,140.77851407475913
PTPN7,87.59909796460724
LGR6,91.38645231713994
UBE2T,101.08946128311945
PPP1R12B,132.39551443226458
SYT2,294.9286621606611
KDM5B,135.28974259156243
RABIF,94.7720177019377
KLHL12,82.22479398201722
ADIPOR1,125.64634980830888
CYB5R1,137.21266686061404
TMEM183A,91.79030528655167
PPFIA4,185.0979366247979
MYOG,90.47953029731704
ADORA1,142.57868749070332
MYBPH,60.823818671593045
CHI3L1,116.5046758115482
CHIT1,58.41749257939415
BTG2,161.8814930940806
FMOD,143.51917424927984
PRELP,129.5057437665202
ATP2B4,117.12891282992527
ZC3H11A,74.35335749422052
ZBED6,83.24952478220519
SNRPE,115.39323241360933
SOX13,202.2676070117589
ETNK2,123.87885820112137
REN,77.30029808032978
KISS1,53.48268428064043
GOLT1A,100.56519470551004
PLEKHA6,151.5328828117984
PPP1R15B,152.84143823805067
PIK3C2B,145.7896897528691
MDM4,116.74111761083722
LRRN2,121.97722316296733
NFASC,216.3872851952567
CNTN2,246.986907537187
TMEM81,64.77477700816587
RBBP5,93.70984904988413
DSTYK,99.27782051989209
TMCC2,158.66859066088193
NUAK2,119.22233354129867
KLHDC8A,134.51395723236226
LEMD1,74.4404062644343
CDK18,201.86871066943596
MFSD4A,112.11689249267036
ELK4,97.13520896595935
SLC45A3,149.08115882067074
NUCKS1,208.58535001858894
RAB29,81.81547840485823
SLC41A1,156.2663210248881
PM20D1,91.87518928612133
SLC26A9,104.15319833768498
RAB7B,79.5096056495573
SRGAP2,204.54907179297135
FAM72A,59.483133839979956
IKBKE,110.663057842907
RASSF5,132.59153680320676
EIF2D,124.41139435898549
DYRK3,103.38001228421672
MAPKAPK2,93.50522169116891
IL10,91.32658207304493
FCMR,145.44712697425186
PIGR,79.92766776946203
C1orf116,90.71058899108849
PFKFB2,170.6862370402133
YOD1,112.8759811256902
CD55,71.46629734534415
CR1,87.89592273922736
CD46,98.56270802548681
CD34,196.20734069599933
PLXNA2,112.62459667791543
CAMK1G,239.56253815172386
LAMB3,98.74525877554265
G0S2,136.8446726820942
HSD11B1,113.88414160745177
TRAF3IP3,109.54733371234559
C1orf74,72.9777037136302
IRF6,86.82733593740369
DIEXF,152.46064287380543
SYT14,114.02890123154617
SERTAD4,164.0202094761408
HHAT,70.26336085339972
KCNH1,108.56130325402711
RCOR3,169.62438463147384
TRAF5,122.28709140933387
SLC30A1,222.21180557030146
NEK2,125.39336296818144
LPGAT1,162.90176328138068
INTS7,99.51952105229896
DTL,91.54776691871655
PPP2R5A,163.95022754958322
TMEM206,101.82589614132249
NENF,157.38204002587102
ATF3,168.3603253138885
BATF3,153.41531740643316
NSL1,99.44400986314645
TATDN3,87.03049232592033
SPATA45,50.68333620220204
FLVCR1,110.02076278605213
VASH2,54.431698206590426
ANGEL2,86.13270504456736
RPS6KC1,120.67576400394213
PROX1,105.60342377441725
SMYD2,157.6853213783172
PTPN14,130.86822921086497
CENPF,99.02250518356834
KCNK2,162.05782819436627
KCTD3,188.7112486853036
ESRRG,85.81625226763578
GPATCH2,89.47343941625283
SPATA17,105.24783797336562
RRP15,79.7239958288859
TGFB2,172.72179336487977
LYPLAL1,120.81439576293465
SLC30A10,212.75764774501522
EPRS,127.36099687818788
BPNT1,86.35048676770168
IARS2,97.10909525913229
RAB3GAP2,116.52545827416662
MARK1,122.66515691815434
C1orf115,144.29940825154813
MARC2,108.6104563693977
MARC1,145.19710460287706
HLX,108.6710160633873
DUSP10,152.36707566972387
HHIPL2,47.78166919120028
TAF1A,89.15335560822916
MIA3,62.87957359365089
BROX,76.88265213298837
AIDA,51.134618731769365
FAM177B,89.30496161600226
DISP1,115.19470642324549
TLR5,90.25502059983992
SUSD4,125.51142151646377
CCDC185,62.99494204861713
CAPN8,46.84686462205545
CAPN2,117.81351045873583
TP53BP2,86.34727370126231
FBXO28,67.29893840215485
DEGS1,136.64927180363068
NVL,107.19404084822446
CNIH4,64.84130293471878
CNIH3,92.0853267912226
WDR26,71.74419337011824
LBR,89.06205206187238
ENAH,146.80091220454761
SRP9,101.62655259751563
EPHX1,145.25698208482908
TMEM63A,115.15379949284144
LEFTY1,67.84397550222829
PYCR2,103.7739698050498
LEFTY2,79.43511093880883
SDE2,80.39666487810118
H3F3A,70.9121647768437
ACBD3,123.0741090181294
MIXL1,68.96813580885808
LIN9,54.13733346599176
PARP1,213.73390715699713
STUM,146.57751597279918
ITPKB,188.3960423773534
PSEN2,81.83571546053898
COQ8A,114.65701726607963
CDC42BPA,109.03346649954591
ZNF678,127.66197316838807
SNAP47,173.00483360832817
JMJD4,76.13551445267407
WNT9A,67.47882446173682
WNT3A,50.668015114732725
ARF1,234.9779723465661
C1orf35,95.33226991245067
MRPL55,146.51449524853757
GUK1,169.55673721746155
GJC2,120.30771569367766
IBA57,75.37246760271267
OBSCN,119.17734069793201
C1orf145,184.78108921246496
TRIM11,192.3912124281818
TRIM17,210.71279600967546
HIST3H2A,140.1513842429935
HIST3H2BB,125.39014643972294
RNF187,114.04163768072075
RHOU,120.35104906031117
RAB4A,127.18481826155667
CCSAP,139.0133619721835
ACTA1,124.87618681540269
NUP133,121.42818895429568
ABCB10,85.00909192660993
TAF5L,92.81798723356206
URB2,126.88968337058256
GALNT2,103.08215546591802
PGBD5,110.71032107972718
COG2,89.44083662842868
AGT,135.8281056740438
CAPN9,73.28717332822777
C1orf198,130.01134216709826
TTC13,100.36296614915153
ARV1,148.14263724719527
FAM89A,84.50057594386487
TRIM67,262.0996713789725
C1orf131,98.68778919201415
GNPAT,87.97732114425085
EXOC8,89.09933582063627
SPRTN,81.94846886052264
EGLN1,134.81659152808635
TSNAX,144.16432686469588
DISC1,208.83538496560243
SIPA1L2,94.09157322038337
MAP10,68.70851003879466
NTPCR,68.50553101622819
PCNX2,83.32323821559109
MAP3K21,88.84980780752772
KCNK1,240.58429495359422
SLC35F3,157.87031096691214
COA6,147.69820320325124
TARBP1,132.005330773449
IRF2BP2,238.51924381131528
TOMM20,189.41015601208113
RBM34,69.59683092958028
GGPS1,101.9665756454435
ARID4B,127.54373032642434
TBCE,112.86736078978191
B3GALNT2,81.24526851620794
GNG4,114.31920169015942
LYST,150.63964406154375
NID1,176.50997999334945
GPR137B,90.99100175146253
ERO1B,80.13300074430978
LGALS8,69.25880085855573
HEATR1,120.64018754837281
ACTN2,148.77081567144725
MTR,96.06677961984997
RYR2,169.01078016598447
CHRM3,157.140603581421
FMN2,171.39403571176211
GREM2,90.501332119576
RGS7,225.25052216733047
FH,153.84395566602
KMO,133.08496827305828
CHML,92.64854722525467
OPN3,184.24514060646317
EXO1,134.95790798586546
MAP1LC3C,104.02871478588756
PLD5,167.235267536092
CEP170,110.87129910318976
SDCCAG8,92.04580036113146
AKT3,157.86709981236606
ZBTB18,175.54670128239798
C1orf100,77.0956833498062
ADSS,71.1647847801664
C1orf101,64.73407432887453
DESI2,102.43413737021666
RP11-173A6.4,80.1182475865806
COX20,132.38571072741195
HNRNPU,177.02860501346487
EFCAB2,54.790619463188676
KIF26B,153.5982115774765
SMYD3,85.22311620790921
TFB2M,122.0863790218749
CNST,147.67758241020894
SCCPDH,91.47982839250272
AHCTF1,118.70970235868035
ZNF695,52.284040964541646
ZNF670,80.8520892323867
ZNF669,52.511604485797534
ZNF124,54.232191512254246
ZNF496,80.26916307305078
NLRP3,132.48291294513433
TRIM58,59.911066692289666
OR2W3,68.18626632364226
OR2T8,63.771635182216784
OR2L2,64.19541426994061
OR2L13,53.04841579471906
OR2T33,52.208161659749635
OR14I1,141.4179270255803
LYPD8,102.56629659490773
SH3BP5L,85.38288717136822
ZNF672,122.36246835033211
ZNF692,198.55087969298899
PGBD2,81.3227581380909
FAM110C,120.31315217522811
ACP1,111.82646006200741
SH3YL1,75.54157872254314
ALKAL2,127.78821941669145
TMEM18,79.2851854120151
SNTG2,105.61613226895929
TPO,64.89379605151308
PXDN,77.07809403063425
MYT1L,245.6051023823032
TSSC1,179.43130626783062
TRAPPC12,99.36120786566923
ADI1,78.7234469622527
RNASEH1,80.27215714161275
RPS7,142.85616394525906
COLEC11,50.45459543461021
ALLC,77.20832919989797
DCDC2C,86.79677685359118
SOX11,168.50770931741448
RSAD2,192.0991791766609
CMPK2,156.58271866549217
RNF144A,167.989609547523
ID2,250.76997613271732
KIDINS220,91.23324915729978
MBOAT2,217.37875846759425
ASAP2,100.80084216700953
ITGB1BP1,78.35346944050559
CPSF3,112.66824646382182
IAH1,134.95818824266715
ADAM17,160.0959803076834
YWHAQ,173.03076447870143
TAF1B,71.23042706954354
GRHL1,60.379823530455354
KLF11,113.2841954937195
CYS1,123.15363944047047
HPCAL1,146.61479408634935
ODC1,190.23577819923105
NOL10,72.14165210206349
ATP6V1C2,86.94980737774983
PDIA6,148.22779717500924
KCNF1,207.43277322555207
C2orf50,64.74064559161678
PQLC3,75.98629005829423
ROCK2,185.75976403847153
E2F6,70.88138893981207
GREB1,76.64732358462226
NTSR2,82.5114197195274
LPIN1,57.59386653336114
TRIB2,207.61315539150416
FAM84A,144.04191585409782
NBAS,126.37270409353249
DDX1,136.5255643068923
MYCN,82.7186697982674
MYCNOS,51.92248147807064
FAM49A,101.48123015702285
RAD51AP2,108.01284769294551
VSNL1,162.94891567670524
GEN1,70.73562464613448
SMC6,95.23834670698639
KCNS3,123.60310905763194
RDH14,122.4237301599787
OSR1,99.59607576999966
TTC32,90.62340287857677
WDR35,116.13833160948116
MATN3,89.77745046469957
LAPTM4A,227.4010495775458
SDC1,103.79676960107724
PUM2,175.72651659303727
RHOB,244.29768963407702
HS1BP3,164.24255853768966
GDF7,84.99821560721037
LDAH,78.18417085395205
KLHL29,144.6691225528298
ATAD2B,98.26283168489107
UBXN2A,66.5291747197252
MFSD2B,59.820775879150716
WDCP,91.39970239692639
FKBP1B,237.4135875912753
SF3B6,174.57367834679582
FAM228B,76.42486760766857
TP53I3,98.3397918727076
PFN4,31.76856939787453
FAM228A,47.84220396380044
ITSN2,98.33101819342212
NCOA1,161.70987602932703
PTRHD1,109.73782288871908
CENPO,127.7396312830414
ADCY3,154.35727472511903
DNAJC27,131.1019427157654
EFR3B,178.47403094603635
POMC,74.75120532363354
DNMT3A,115.57813657368573
DTNB,91.22883703001594
ASXL2,144.58840124186543
KIF3C,194.8589818539461
RAB10,122.04335390660626
GAREM2,181.50410950008416
HADHB,69.47396184762442
HADHA,119.05835572745625
SELENOI,86.77487303056665
ADGRF3,86.5145910154979
DRC1,190.7967777881146
OTOF,213.19330090045455
C2orf70,112.96624762867648
KCNK3,149.5733770350047
SLC35F6,95.90449564794977
CENPA,64.08233484485038
DPYSL5,130.2781025968595
MAPRE3,159.4158930849993
TMEM214,95.73605584398825
AGBL5,120.8354922453612
OST4,137.69318613349344
EMILIN1,169.87487196694917
KHK,111.15932632724542
CGREF1,114.5016931113496
ABHD1,102.84891452250216
PREB,112.88842368482366
ATRAID,129.51898448028558
SLC5A6,216.44810793153783
CAD,176.8565305880361
SLC30A3,72.86883223643503
TRIM54,102.64762472865732
UCN,176.69992703037317
MPV17,147.63495432553535
GTF3C2,104.4817579982402
EIF2B4,163.61546035522326
SNX17,126.14900192431443
ZNF513,150.84667593587903
PPM1G,111.65110906358419
NRBP1,159.17252490131295
KRTCAP3,70.80630320846026
IFT172,92.95069473225149
FNDC4,151.8994925508087
GCKR,71.72282863984037
C2orf16,86.94993875135654
ZNF512,94.13348952385351
GPN1,85.67272634829163
CCDC121,127.91624534205488
SUPT7L,133.76120702454318
SLC4A1AP,142.7901721219302
MRPL33,170.72878683029913
BRE,112.17873654167917
RBKS,154.3865642137963
FOSL2,132.93538289560874
PLB1,104.22140888683822
PPP1CB,182.93995444146174
SPDYA,61.3257782098963
TRMT61B,74.92535468791135
WDR43,86.93037274039466
TOGARAM2,71.82417013394476
C2orf71,50.02080317522203
CLIP4,189.58045943988913
ALK,157.83454919287897
YPEL5,159.22995454857931
LBH,171.60750924953382
LCLAT1,69.87822268619794
CAPN13,111.17783739046831
GALNT14,99.81456789687283
CAPN14,71.14417131570929
EHD3,248.87522495354023
MEMO1,80.25870384645586
DPY30,91.81813783846522
SPAST,80.59678748396959
SLC30A6,101.40744511300343
NLRC4,77.27022681487708
YIPF4,124.45706267278189
BIRC6,179.78595175413358
TTC27,57.14977053556913
LTBP1,129.95849487795874
RASGRP3,84.63798819018089
FAM98A,130.35029654060043
CRIM1,143.28626717166904
FEZ2,63.82474431433772
VIT,115.24189678259197
STRN,136.97628684142916
HEATR5B,149.42566711708827
GPATCH11,87.78021695713099
EIF2AK2,121.43896950711007
CEBPZOS,109.18880288605692
CEBPZ,148.88224791414694
NDUFAF7,97.84611010032128
PRKD3,117.68244675671133
QPCT,113.10272007488709
CDC42EP3,111.86249083504975
RMDN2,114.4029795981777
CYP1B1,80.61446365851177
ATL2,104.67970127984458
HNRNPLL,127.44723104956333
GALM,110.1124561561806
SRSF7,157.22907460636736
GEMIN6,100.10647872586574
DHX57,82.60008026008899
MORN2,159.00121947204738
ARHGEF33,107.33224241018988
SOS1,117.26405179236903
CDKL4,63.94293430896198
MAP4K3,137.99474134241746
TMEM178A,202.8835040739001
THUMPD2,60.64673986124427
SLC8A1,189.82422706126084
PKDCC,96.32604839819194
EML4,160.77704180598158
COX7A2L,115.87450708336931
KCNG3,109.66303057432859
MTA3,147.7900530000374
OXER1,81.82420891896612
HAAO,116.04380707852414
ZFP36L2,199.80646334919152
THADA,80.71791386692001
PLEKHH2,86.62471080417271
C1GALT1C1L,74.67637845227657
DYNC2LI1,56.58293670191617
ABCG5,79.75936126972204
ABCG8,97.92093070937327
LRPPRC,99.89346258324994
PPM1B,162.33632026438067
SLC3A1,86.88829962833759
PREPL,160.08140168309941
CAMKMT,75.1006362389193
SIX3,188.05852993079412
SIX2,42.837921434591095
SRBD1,120.6937882601444
PRKCE,156.92404551921658
EPAS1,217.97443227269838
ATP6V1E2,78.70599141144882
RHOQ,118.63134247229132
PIGF,65.55723991430816
CRIPT,77.47011098587734
SOCS5,125.75350317945774
TTC7A,105.49699156216991
MCFD2,90.7886059523984
CALM2,157.9294490681176
EPCAM,77.2046174975307
MSH2,76.46466946521832
KCNK12,159.88933678069634
MSH6,100.39955518670436
FBXO11,86.79243874053276
FOXN2,76.87723792624749
PPP1R21,40.67856792242378
STON1,59.621125498923874
GTF2A1L,58.52232028530946
LHCGR,66.59699639077428
NRXN1,177.55465984011977
CHAC2,119.66799484289169
ERLEC1,123.33824917423658
ASB3,112.54230131084876
GPR75,176.2164810524689
PSME4,149.5837283988884
ACYP2,174.5445342834234
TSPYL6,66.08882452515712
C2orf73,70.34445001790522
SPTBN1,103.89364189121179
EML6,117.54742479028542
RTN4,161.00087885380592
RPS27A,217.71224582086037
CLHC1,119.01449789228352
MTIF2,77.80616800132341
CCDC88A,170.227202802443
CFAP36,232.70254244405385
PPP4R3B,81.74493507135634
PNPT1,91.23635314400468
EFEMP1,119.38477526430339
CCDC85A,105.15330846442458
VRK2,121.00357156134834
FANCL,119.07393245529096
BCL11A,113.57045160872079
PAPOLG,122.69814321366601
REL,123.21676571073152
PEX13,93.96758386870903
PUS10,59.582075876443554
KIAA1841,91.77628480179735
C2orf74,61.07806003517055
AHSA2,75.91455041955277
USP34,249.3377472105995
XPO1,83.9830506191685
FAM161A,67.64455594682528
CCT4,140.82871454683578
COMMD1,118.78839010208148
B3GNT2,130.4836073707086
TMEM17,110.76735715278426
EHBP1,114.06414224931513
OTX1,118.99666252928003
MDH1,163.00062937870285
WDPCP,66.46021598140646
UGP2,159.0483939264782
VPS54,69.79044364430916
PELI1,144.81770925866184
LGALSL,93.78058154212451
AFTPH,114.830290253745
SERTAD2,170.65348366849642
SLC1A4,123.52146654188067
CEP68,68.37609150998387
RAB1A,108.49910456063381
ACTR2,137.11220823519437
SPRED2,220.6329815108577
MEIS1,154.2042977815711
ETAA1,66.91362624835642
C1D,193.90447740114973
WDR92,110.89300985234084
PNO1,104.79300667887568
PPP3R1,163.65401812126677
CNRIP1,102.40334387635116
PLEK,95.66830234070935
FBXO48,62.7918237237912
APLF,51.200446838374944
PROKR1,63.48090900421104
ARHGAP25,133.51414945403647
GKN1,65.45119140809493
ANTXR1,114.20436126008784
GFPT1,132.9972546067985
NFU1,62.41776044042075
ANXA4,90.172508582158
AAK1,185.50043128321062
GMCL1,76.4179688424328
SNRNP27,78.7958414332619
MXD1,138.00678043963617
ASPRV1,112.7350449100957
PCBP1,180.4681559782005
C2orf42,49.17339327192008
TIA1,148.6140021227834
PCYOX1,109.61007108695662
SNRPG,134.6524584829217
FAM136A,92.0274876560614
TGFA,94.41559081722613
ADD2,215.89520104745162
CLEC4F,69.53636132098123
VAX2,73.39554916210392
ATP6V1B1,64.54813116185855
ANKRD53,104.39985041354669
TEX261,88.94130352971456
NAGK,119.67384273859307
MCEE,62.984479831656614
MPHOSPH10,158.35897299374534
PAIP2B,179.2533723958946
ZNF638,264.0174539867863
DYSF,123.83013155911377
CYP26B1,62.314013505109074
EXOC6B,117.58185320632859
SPR,118.0555637697957
SFXN5,177.4127290637796
RAB11FIP5,188.46307553605698
SMYD5,127.75990460869326
PRADC1,164.54572388417637
CCT7,138.05333147910812
FBXO41,316.98096657308685
EGR4,183.7348284641119
ALMS1,190.68899329875785
NAT8,140.31088764596478
TPRKB,115.51715250434529
DUSP11,107.19673213452626
STAMBP,92.19854611517468
ACTG2,136.9937188344178
DGUOK,149.1800689001392
TET3,183.9817654380643
BOLA3,130.28905848508646
MOB1A,119.54002621032714
MTHFD2,137.77692467406555
SLC4A5,109.37100570114828
DCTN1,132.51658375131393
C2orf81,84.874152323575
WDR54,200.4153834919574
RTKN,230.31682646761885
INO80B,76.20937274964399
WBP1,144.8289136231751
MOGS,53.91757838902549
MRPL53,56.640826097553855
CCDC142,69.26735968056872
TTC31,111.7288411064915
LBX2,86.92678219045021
PCGF1,122.45426384607066
DQX1,72.40366196735707
AUP1,109.79002118109665
HTRA2,143.4387125286926
DOK1,135.0459442504037
LOXL3,112.81497301475639
M1AP,85.80680573725442
SEMA4F,118.36431914684357
HK2,113.43566746326269
POLE4,101.26025066010078
TACR1,231.88382504228233
EVA1A,88.27890563934614
MRPL19,77.18648292328749
GCFC2,104.11154945199993
LRRTM4,117.603549792683
REG1B,112.40017175300957
REG1A,124.50592953550967
REG3A,92.03288075149263
CTNNA2,210.58413281838818
LRRTM1,169.5441268768378
SUCLG1,112.84870386958534
DNAH6,216.6716695989287
TMSB10,121.79478998791558
TRABD2A,69.37712836031801
KCMF1,143.73873340793457
TCF7L1,97.02440719638693
TGOLN2,174.97241759137023
RETSAT,100.34180293798266
ELMOD3,131.46070883842313
CAPG,95.26382699556962
SH2D6,51.98449440215063
MAT2A,174.92819694567257
GGCX,106.32282103818892
VAMP8,87.87807892779716
VAMP5,93.81582695634978
RNF181,154.52150395135314
TMEM150A,123.40234009232194
USP39,96.4026224747335
C2orf68,103.34202204136645
SFTPB,78.49939294116217
GNLY,84.42464164812716
ATOH8,122.46014374009988
ST3GAL5,109.68518781476234
POLR1A,105.11407618012305
PTCD3,111.71633970764307
IMMT,93.09146249688635
MRPL35,60.22538265772232
REEP1,105.33111322396246
KDM3A,172.02866732968857
CHMP3,74.77220308004374
RNF103,141.79829590519697
RMND5A,76.73989716054595
CD8A,125.38684646682296
CD8B,90.11848901405685
PLGLB1,52.56338568936664
RGPD2,60.83021213391737
KRCC1,106.84956746824145
SMYD1,123.00591486338797
FABP1,70.82960151615515
THNSL2,61.96987943285046
EIF2AK3,105.95570833121354
RPIA,76.79302019651456
TEKT4,89.68712517623177
MAL,139.17529435481129
MRPS5,139.8046673742041
ZNF514,61.19741229270423
ZNF2,84.49575288260246
AC092835.2,77.93171449487068
PROM2,94.75317385470811
KCNIP3,131.25430791549536
FAHD2A,87.28619748502388
ANKRD36C,121.3813198556038
GPAT2,144.06457781622413
ADRA2B,130.64050619293303
ASTL,48.11165666428997
DUSP2,101.29195080008861
STARD7,261.0894483451939
TMEM127,119.81865637080512
CIAO1,152.7474685502155
SNRNP200,210.45892256557534
ITPRIPL1,105.51481704159661
NCAPH,83.23527732777478
NEURL3,83.75891858876355
ARID5A,144.17826267348676
KANSL3,106.91863533877296
FER1L5,139.78241833678877
LMAN2L,71.3611744949431
CNNM4,86.76653656209936
CNNM3,107.6379508074001
ANKRD23,81.66388830580115
ANKRD39,68.86224016446695
SEMA4C,106.18621869696216
FAM178B,126.80741470434643
FAHD2B,75.3471215694866
ANKRD36,125.84790547704216
ANKRD36B,95.22044748828282
COX5B,176.55930773759943
ACTR1B,75.9480521827517
LINC01125,72.7991828897845
ZAP70,139.02047300823756
TMEM131,111.46592059009052
VWA3B,164.73817922197568
CNGA3,65.38031445516177
INPP4A,159.44561729535147
COA5,109.6236584475437
UNC50,180.40501781663176
MGAT4A,177.06783849602664
KIAA1211L,150.88008213496747
C2orf15,97.5104197808923
TSGA10,132.44633249037588
LIPT1,55.659909048945934
MITD1,85.96003202888264
MRPL30,119.52248333571171
LYG2,102.8894377874883
LYG1,93.23240737770854
RP11-111H13.1,44.96999844265784
EIF5B,152.5943213174148
TXNDC9,96.68870256370178
REV1,112.16947368643045
AFF3,115.01393711812304
LONRF2,229.12654571987008
CHST10,96.0826087468958
PDCL3,107.18953659332155
NPAS2,221.8880896780592
RPL31,278.8867857053276
TBC1D8,72.21612828676643
CNOT11,135.50670390610955
RNF149,59.282777800357934
CREG2,171.14571450375394
RFX8,66.036183229541
MAP4K4,194.1634357321115
IL1R2,115.5924374950526
IL1R1,78.37656342752248
IL1RL2,81.1185814427727
IL1RL1,49.96439361821513
IL18R1,60.070637233268485
IL18RAP,111.89840148605856
SLC9A2,139.4625375079659
MFSD9,112.1171632087312
TMEM182,56.557684725728905
POU3F3,166.0549677654366
MRPS9,86.41789707362685
GPR45,78.61041089453713
TGFBRAP1,114.27693602906277
C2orf49,106.59616278028346
FHL2,162.30854510217114
NCK2,117.41111908010151
C2orf40,67.86458955199762
UXS1,80.68379216470149
RGPD3,80.6675341053056
ST6GAL2,112.49251844411165
SLC5A7,242.076311191233
SULT1C2,83.7925257987234
SULT1C4,114.54144367618
GCC2,88.70061683666762
LIMS1,107.53385953958033
RANBP2,155.55481264631015
CCDC138,113.35151592724569
SH3RF3,71.3048744226221
SEPT10,110.99433316731279
SOWAHC,107.3540417175694
MALL,43.99150935065467
NPHP1,75.47185169983797
LINC00116,124.22990017299867
BUB1,106.32883149056767
BCL2L11,107.5808084745812
ANAPC1,90.65680902820861
MERTK,150.11878627543564
TMEM87B,105.58987470305127
FBLN7,116.92833812826947
ZC3H8,86.79963255396311
ZC3H6,81.22689193168614
RGPD8,78.44276405290432
TTL,185.96656811708783
POLR1B,84.19165684437377
CHCHD5,121.33099671453797
SLC20A1,195.77249399239332
IL1A,154.85416493427854
IL1B,126.48450496039578
IL1RN,121.044026072951
PSD4,111.72604214559044
PAX8,66.11960374492747
CBWD2,61.31228160720087
FOXD4L1,67.98415194672205
RABL2A,126.43815254385314
SLC35F5,95.83306922282284
ACTR3,115.50624153274322
DPP10,108.37410122428062
DDX18,112.31610382772129
CCDC93,158.60933693214247
INSIG2,105.65239994798944
MARCO,61.572588943014296
C1QL2,161.32479790383945
STEAP3,81.69947673338916
C2orf76,71.33925745097639
DBI,81.97634265005735
TMEM37,106.82975093364965
CFAP221,106.55583255594132
TMEM177,92.5445960097534
PTPN4,164.90727751513452
EPB41L5,89.03164701846231
TMEM185B,70.93474164280659
RALB,114.69898561432458
INHBB,174.60845110167497
GLI2,125.00243980983754
TFCP2L1,148.7806080601269
CLASP1,203.2983375920134
NIFK,104.14871349832742
TSN,154.73605145930074
CNTNAP5,181.7931074149075
GYPC,109.12620486669965
BIN1,85.0204912837242
CYP27C1,63.269816801839255
ERCC3,52.20257971791571
MAP3K2,137.0899156328695
PROC,61.1079160666159
IWS1,137.34172293605778
MYO7B,90.46976918266606
GPR17,278.73205723604315
LIMS2,275.0447948886892
WDR33,127.926248235283
POLR2D,89.35445104111736
AMMECR1L,98.04796690135078
SAP130,116.80793937726474
UGGT1,112.40751760931266
HS6ST1,226.28774987875448
RAB6C,80.21646711563275
CCDC74B,50.48478641200606
SMPD4,72.41873696747217
MZT2B,142.44640554175874
CCDC115,112.02206211202545
IMP4,109.23236656153477
PTPN18,88.00473290382683
CFC1,77.67098530744099
GPR148,68.9682732138277
AMER3,76.62286045912691
ARHGEF4,147.97016440561447
FAM168B,171.9195047567993
PLEKHB2,235.12080580423572
WTH3DI,77.88396490816098
TUBA3D,67.31861165377649
MZT2A,81.68581952594516
CCDC74A,91.57271207413513
ANKRD30BL,38.9844663732803
GPR39,68.70223725084958
LYPD1,115.80100086517092
NCKAP5,110.93991029175717
MGAT5,103.21882553441108
TMEM163,140.40328034254736
CCNT2,103.15483643048603
MAP3K19,140.5280178410721
RAB3GAP1,64.4269662096988
ZRANB3,94.03853347903882
R3HDM1,233.21902048749496
UBXN4,96.92518087731986
MCM6,80.07466552445356
DARS,148.34714616838514
CXCR4,168.73009401584773
THSD7B,78.38398693803848
HNMT,100.19651551332504
SPOPL,164.46228039490643
NXPH2,142.79062265030063
LRP1B,91.60154931477476
KYNU,70.13783504123128
ARHGAP15,70.25099198963272
GTDC1,123.83750555626108
ZEB2,208.52300330640225
ACVR2A,69.99032351835007
ORC4,83.464762246475
MBD5,63.132995786163974
EPC2,118.91559729456563
KIF5C,148.14279959324617
LYPD6B,65.51083516642714
LYPD6,126.13768340911545
MMADHC,95.4671611102396
RND3,159.79915986254554
RBM43,116.87761357680583
NMI,114.40554985562142
TNFAIP6,61.03555114558884
RIF1,80.86621860559939
NEB,123.74737023000245
ARL5A,114.96811792734132
CACNB4,255.7966102558998
STAM2,92.94944142657351
FMNL2,116.54155249770699
PRPF40A,137.35761646744083
ARL6IP6,91.43432161029085
RPRM,112.40454667008441
GALNT13,129.02123902701422
KCNJ3,146.07071746317462
NR4A2,169.03422433353538
GPD2,104.12487420799968
ERMN,233.37959627232695
CYTIP,177.7108626212036
ACVR1C,130.31229914307332
ACVR1,120.8399651557304
UPP2,69.5645081933726
CCDC148,109.88072680311546
PKP4,128.89646337391636
DAPL1,68.85190829735666
TANC1,117.66101511900743
WDSUB1,87.29356390778545
BAZ2B,198.16212151790282
MARCH7,149.5832877940586
CD302,111.52329528565724
LY75,72.10804080219685
PLA2R1,122.7687083865132
RBMS1,111.4920820710368
TANK,134.6783205438025
PSMD14,102.95230591025259
SLC4A10,221.40824464011737
DPP4,72.24500517893443
FAP,48.308876565350914
IFIH1,161.91367146462738
GCA,122.6564173341215
KCNH7,74.67483703426348
FIGN,142.35641024875326
GRB14,78.76635980940586
COBLL1,155.9507530159832
SLC38A11,145.62825462861107
SCN3A,150.1690215040726
SCN2A,216.22110396328026
CSRNP3,238.07798131677248
GALNT3,96.42377840954367
TTC21B,84.31789087296744
SCN1A,119.88297167852113
SCN9A,105.23962841446786
SCN7A,66.44024178855975
XIRP2,139.5411961251689
B3GALT1,115.9790342650582
STK39,135.10504481564698
CERS6,121.38055716197107
NOSTRIN,140.99174344672156
SPC25,81.16104532346208
DHRS9,166.37615154264995
LRP2,112.60986299037171
BBS5,142.03737376405198
KLHL41,138.29266889827824
FASTKD1,78.21372444929256
PPIG,168.54212802298792
CCDC173,94.93715213476071
PHOSPHO2,80.78802782753291
KLHL23,105.9581802015851
SSB,171.5347777698085
METTL5,122.36806172434831
UBR3,119.01894579097734
SP5,73.80634991304845
ERICH2,89.30647396622109
GAD1,210.3077353066061
GORASP2,205.4340628024724
TLK1,109.11540844865851
METTL8,128.99942654447366
DCAF17,110.90342778107592
CYBRD1,89.05442246505478
DYNC1I2,128.21078295924548
HAT1,111.88425776819469
SLC25A12,118.06581548237432
METAP1D,81.80555067198256
DLX1,162.86591389731637
DLX2,120.13776835999107
ITGA6,85.00314998942869
PDK1,137.62423318345117
RAPGEF4,168.92155870459598
MAP3K20,149.58464464572802
CDCA7,130.55436960253246
SP3,102.50207641076977
OLA1,174.4441282886997
SP9,193.02419860116498
CIR1,124.3829459269183
SCRN3,103.06205877390201
GPR155,214.62014324047226
WIPF1,105.67147691667293
CHRNA1,47.19672573761153
CHN1,255.8534668129069
ATF2,145.2469903753069
ATP5G3,119.38449728762856
LNPK,71.27201600872414
HOXD3,63.863560042664204
HOXD1,89.6138605451211
MTX2,120.27252884265675
HNRNPA3,167.71136507304197
NFE2L2,170.4551667243523
AGPS,86.48786285341359
TTC30B,74.33096060504297
TTC30A,72.47986184315334
PDE11A,123.69654021334594
RBM45,85.44538693934115
OSBPL6,144.27472114022964
PRKRA,79.70090381793054
DFNB59,109.12941960956849
FKBP7,87.26293722511343
PLEKHA3,153.34558505364663
TTN,128.51021626639664
CCDC141,98.85260924549772
SESTD1,164.72207606569293
ZNF385B,224.72189551525474
CWC22,114.74689967490696
UBE2E3,111.59964331143235
ITGA4,134.0645789112783
CERKL,107.57588822149847
SSFA2,118.91247872977581
PPP1R1C,96.00228525611863
PDE1A,56.07233508664223
DNAJC10,128.73499075803312
FRZB,169.1031056575393
NCKAP1,120.06254359901561
DUSP19,72.06059510926758
NUP35,116.60619844717993
ZNF804A,97.8523768120898
FSIP2,67.69191522237699
ZC3H15,71.33959120463848
ITGAV,205.6880283358584
FAM171B,160.36255219782953
ZSWIM2,50.46706424555467
CALCRL,258.1892950825323
TFPI,152.76280886192262
GULP1,170.28252425823
COL3A1,201.82006783570162
COL5A2,109.48291057146085
WDR75,93.30996916404479
SLC40A1,154.6628649890497
ASNSD1,87.5846601729165
ANKAR,60.933487768464204
OSGEPL1,100.59556133132085
ORMDL1,98.13453138860197
PMS1,62.763714097868814
C2orf88,151.8351775288433
MSTN,115.34272524443537
HIBCH,130.8159256023791
INPP1,65.42347925405889
MFSD6,140.42735851005583
NEMP2,105.56493971077808
NAB1,153.53267480043854
GLS,147.4376651569905
STAT1,145.1306221856367
STAT4,162.77754461738976
MYO1B,219.3524120487603
NABP1,95.5673532754017
SDPR,220.1969955967479
TMEFF2,158.7911825546367
SLC39A10,146.46680042965778
DNAH7,98.51809578883626
STK17B,193.4547034090234
HECW2,132.75215605735906
CCDC150,77.23109350602306
GTF3C3,90.99565199442176
C2orf66,79.78743211234678
PGAP1,199.2608699921439
ANKRD44,98.6918024308176
SF3B1,186.06805099083329
COQ10B,97.44272730064142
HSPE1,147.86291426720092
MOB4,148.9884623044817
HSPD1,122.46444631775114
RFTN2,90.74676483426214
MARS2,107.33098933520645
PLCL1,162.06138207927623
SATB2,76.06531538801124
FTCDNL1,54.534234603818845
C2orf69,170.29865909754045
TYW5,79.71901069307143
MAIP1,69.73384499926644
SPATS2L,148.18514833892607
SGO2,80.60962291423516
KCTD18,71.85070241322506
AOX1,81.3616222561424
BZW1,148.5907516586325
CLK1,156.9246318112548
PPIL3,80.12799024556301
NIF3L1,100.88165341314689
ORC2,118.64062651944741
FAM126B,210.82519320540348
NDUFB3,117.19115716232685
CFLAR,152.22257769612978
CASP10,141.83532751091332
CASP8,79.79439145235241
ALS2CR12,45.30569300469506
STRADB,78.01124109504832
TRAK2,168.5757234930802
ALS2CR11,66.58891964189866
TMEM237,93.30086210107592
MPP4,70.87487051082184
ALS2,62.64102956786351
FZD7,105.87516722986754
KIAA2012,119.55507526492954
SUMO1,185.33663469370927
NOP58,164.7045263241444
BMPR2,135.1149762317552
FAM117B,127.15175603827603
ICA1L,114.68102247814772
CARF,90.05873352778377
WDR12,117.59838989230522
NBEAL1,125.89716589352727
CYP20A1,81.94965617730537
ABI2,151.0858411507587
RAPH1,98.18649187615765
CTLA4,66.43454716450884
PARD3B,61.573322066742946
NRP2,188.37942318220274
INO80D,105.27071492677507
NDUFS1,130.8125173724275
EEF1B2,129.4349122762091
GPR1,125.09566001634886
ZDBF2,118.72410851157198
ADAM23,240.14636526761842
AC010731.4,87.92781332550481
MDH1B,68.46179904910392
FASTKD2,94.12675246132952
CPO,89.81036514788008
KLF7,112.17630906689226
CREB1,92.22146151431164
METTL21A,118.20786575925621
CCNYL1,151.02142394756362
FZD5,116.58301410612009
PLEKHM3,102.00193827264368
CRYGD,102.66662520381013
CRYGA,70.92271259239746
C2orf80,95.44642942942997
IDH1,139.49534430031736
PIKFYVE,91.84450252794457
PTH2R,75.60705295909986
MAP2,260.06986646769667
UNC80,169.52862172036578
RPE,58.80636617497123
KANSL1L,89.70783779363464
ACADL,71.19747621352352
MYL1,127.24067599998565
LANCL1,126.39955621223504
CPS1,93.54310930089855
ERBB4,98.1445643057288
IKZF2,181.8869558809937
SPAG16,133.12032369256735
VWC2L,60.56083881970173
BARD1,97.15174554778969
ATIC,108.74410722801102
FN1,191.38654226625857
MREG,128.75204162776257
TMEM169,105.41837347368804
PECR,61.40567176829137
XRCC5,120.67636722548355
MARCH4,215.37750160097335
SMARCAL1,97.35972605053138
RPL37A,231.45006739879344
IGFBP2,145.60834232700506
IGFBP5,163.56915162435888
DIRC3,87.46260772456765
TNS1,189.2585799384973
RUFY4,81.3145983126071
CXCR2,148.7235028483182
CXCR1,117.89030864449808
ARPC2,169.7442311764793
GPBAR1,53.644868079062434
AAMP,147.47756626587477
PNKD,83.34504552083845
TMBIM1,123.08230363380792
CATIP,152.8556439454449
SLC11A1,123.72789918678149
CTDSP1,142.67342770530138
USP37,97.13205938575868
CNOT9,109.69474684403644
PLCD4,79.3998904672626
BCS1L,120.5036242709707
ZNF142,114.66747930692733
RNF25,93.86101965099346
STK36,164.51210038517746
TTLL4,119.23123849338796
CYP27A1,105.69346871800582
PRKAG3,102.36635023381433
WNT6,153.00208616442285
WNT10A,129.98816818913232
CDK5R2,304.73043384479126
FEV,118.44281825792311
CRYBA2,180.5147011121941
CFAP65,187.05137666566904
IHH,47.50990183602249
NHEJ1,80.46247734780476
SLC23A3,86.61410791569386
FAM134A,150.30463499639345
CNPPD1,112.60561250829977
ZFAND2B,134.66772841200975
ABCB6,99.37465423482098
ATG9A,114.30685799814921
ANKZF1,98.96201907018218
GLB1L,117.21824043041843
STK16,145.8024879209903
TUBA4B,101.03558250450601
TUBA4A,117.43464488108586
DNAJB2,186.19744838290018
PTPRN,239.2489137508258
RESP18,47.138775539823826
DNPEP,111.84365178410297
DES,167.23594343759615
SPEG,157.08087580396045
GMPPA,121.46904121915074
ASIC4,193.39309422416125
CHPF,154.0454659075185
TMEM198,124.22430789659191
INHA,109.38843973295059
OBSL1,136.85901542097892
STK11IP,138.2343692549996
SLC4A3,275.04200499292307
EPHA4,117.36539133605942
SGPP2,95.40120221534139
FARSB,91.9860886648072
MOGAT1,50.950488645875595
ACSL3,188.10000875658193
KCNE4,160.4556195963877
SCG2,309.77978098675646
AP1S3,87.3785990700784
WDFY1,166.1863481903432
MRPL44,87.3070143703548
SERPINE2,102.55116354599173
FAM124B,98.51770141469794
CUL3,104.00768278515221
DOCK10,218.38835525211698
NYAP2,89.32875173954176
IRS1,137.3675977522038
RHBDD1,38.88316668886526
COL4A4,207.26314611749012
COL4A3,215.07848438871105
MFF,119.31084895102896
AGFG1,120.22306313602206
SLC19A3,139.23158069997828
CCL20,45.940394134995444
DAW1,160.28679122908392
SPHKAP,126.81139950659266
PID1,216.92472247414673
DNER,89.38984583266816
FBXO36,93.02048303687059
TRIP12,103.10764791212156
SLC16A14,157.86773811602433
SP140,74.50572355187211
SP110,77.65066562277104
SP140L,59.83038942939061
SP100,153.56456741965104
CAB39,152.21095710330877
ITM2C,148.85048978513277
GPR55,88.00646316832226
SPATA3,52.34860282868692
C2orf72,95.01870063336574
PSMD1,128.07401982837945
HTR2B,67.40684815119167
ARMC9,131.57328011336264
B3GNT7,165.60590078138728
NCL,189.55027712076867
NMUR1,54.58025765318658
PTMA,211.0464851518903
COPS7B,91.18984232624177
PDE6D,115.84267432647692
NPPC,90.26771425439395
DIS3L2,117.54021913416588
ECEL1,225.4567649802949
PRSS56,154.43434152174322
CHRND,49.066289736510754
TIGD1,90.17753035078118
EIF4E2,173.95587636192857
EFHD1,110.41634208536283
GIGYF2,129.7741141611214
KCNJ13,105.85903912197725
C2orf82,125.53424132412013
NGEF,150.50990726578442
INPP5D,157.96490106878997
ATG16L1,118.52413054322611
SAG,89.33402575815131
DGKD,164.4823267638614
USP40,102.93187950785625
HJURP,54.408970494063766
TRPM8,90.70357514984664
ARL4C,195.18974196199082
SH3BP4,216.42185726910384
AGAP1,177.55495560200376
GBX2,170.19469273841125
ASB18,55.7779904887164
IQCA1,131.63258839723235
ACKR3,164.23132816064134
COPS8,152.9770799528996
COL6A3,139.45000603492775
MLPH,61.73131357179122
RAB17,79.19652528683511
LRRFIP1,129.6068730051621
RBM44,58.897529564743024
RAMP1,167.37116884574996
UBE2F,124.4236541136369
SCLY,69.16268737038462
ESPNL,45.972820086250465
KLHL30,100.85656421165481
ERFE,127.91410827559884
ILKAP,64.37055579136378
HES6,103.43837674298106
PER2,186.53852082759707
TRAF3IP1,111.46165071800752
ASB1,169.90075970823
TWIST2,102.92294877024378
HDAC4,108.54175452111289
NDUFA10,97.52805253674299
COPS9,87.84107228355009
OTOS,148.42595122419797
GPC1,135.85103703147226
DUSP28,80.44099939547425
RNPEPL1,173.7519924824265
ANKMY1,68.73036249218788
CAPN10,97.74346558072102
GPR35,70.02373974450094
KIF1A,203.52079071765218
C2orf54,66.08970934935746
CROCC2,115.34151117110306
SNED1,190.3091837282431
MTERF4,121.08207577534188
PASK,101.33110560548309
PPP1R7,185.80433431594787
ANO7,57.553505773735964
SEPT2,49.22975258992119
HDLBP,117.815989438701
FARP2,83.42777494500976
STK25,135.7255908362788
BOK,156.34184846909307
THAP4,149.5776311728708
ATG4B,134.1248351744115
DTYMK,136.79522165458917
ING5,104.39056866559585
D2HGDH,80.46182370255198
GAL3ST2,70.28470596529078
NEU4,158.40745438383752
PDCD1,67.647008768407
RTP5,176.3344808361468
AC131097.4,83.95074457332748
CHL1,125.38287773429298
CNTN6,107.27306142668093
CNTN4,158.5169673152177
IL5RA,118.84270253225122
TRNT1,106.38931143415812
CRBN,109.33197410669081
LRRN1,239.05355725965558
SETMAR,75.9893174936459
SUMF1,76.38063552300773
ITPR1,309.2569239160845
BHLHE40,223.21371189231814
ARL8B,95.52487405516132
EDEM1,88.46255682917126
GRM7,129.64458058636083
LMCD1,108.65097837736366
CAV3,63.57730205166138
SSUH2,70.69434295212662
OXTR,86.19060390521847
RAD18,99.8157185219275
SRGAP3,155.7201540375654
THUMPD3,76.667745039524
SETD5,181.9393994018614
LHFPL4,146.1024798377153
MTMR14,132.26732827365237
CPNE9,149.54298056269414
BRPF1,107.08913176464856
OGG1,116.29833055970528
CAMK1,112.14040273253562
TADA3,88.49413584506237
ARPC4,157.35051964005794
TTLL3,146.4722603132489
RPUSD3,115.91670812701273
CIDEC,61.87224773196684
JAGN1,88.38033631297395
IL17RE,74.06817346508754
IL17RC,111.48694948269235
CRELD1,157.33455630131073
PRRT3,140.82512562315029
EMC3,113.983846229997
FANCD2,73.28076308817867
BRK1,170.57295738943498
VHL,106.99838643645177
IRAK2,100.47129645111727
TATDN2,79.26527834864234
GHRL,47.34160023443968
SEC13,151.97222945042395
ATP2B2,160.88577189175038
SLC6A11,237.8723787562899
SLC6A1,243.0135358330249
HRH1,136.06408882944783
ATG7,91.27714076175582
VGLL4,147.25067550796456
TAMM41,76.32073153499277
SYN2,260.43876679237667
TIMP4,168.26665258044704
PPARG,98.05433721239879
TSEN2,83.94763338641255
MKRN2,75.44514916788452
MKRN2OS,60.9281613689603
RAF1,119.24083147798538
CAND2,82.34458394457963
RPL32,249.55520795575777
IQSEC1,170.9269175669226
NUP210,142.4413277929356
HDAC11,102.3938362826112
FBLN2,138.76129252300396
WNT7A,87.32779048004863
CHCHD4,123.75602491245408
TMEM43,146.03513908441894
XPC,134.20843549215596
LSM3,136.54290353562388
SLC6A6,118.28276236839989
GRIP2,131.35305828831542
CCDC174,44.54875056517449
C3orf20,48.01870153475434
FGD5,129.20190713230696
NR2C2,140.51972423814817
MRPS25,108.16585779453825
RBSN,148.43842037725818
CAPN7,79.58084728143263
SH3BP5,55.90983695038625
METTL6,85.25577521312178
EAF1,108.29531183365964
COLQ,90.53525261808676
HACL1,78.08853153290258
BTD,125.98298137167546
ANKRD28,93.86148448926392
GALNT15,132.14154748587782
DPH3,81.02893141845226
OXNAD1,74.7463938164563
RFTN1,223.2878336856823
PLCL2,185.88347802048577
TBC1D5,147.4271643510458
SATB1,154.78053682470562
KCNH8,167.54681797372015
EFHB,97.6047802126638
RAB5A,135.71286457184866
PP2D1,79.84319840523949
KAT2B,143.79311994665608
ZNF385D,120.8355298746892
UBE2E2,136.7131150544146
UBE2E1,141.90311575270337
RPL15,215.57571791228077
NR1D2,213.39504669888143
NKIRAS1,129.22542208557923
THRB,106.56085638973727
RARB,171.40483969158504
TOP2B,154.09230202595398
OXSM,108.06700255679053
NGLY1,124.12634882464332
LRRC3B,213.86409381300132
NEK10,245.85141379378115
SLC4A7,114.00959700091491
CMC1,95.06752355402574
AZI2,123.73945551244566
ZCWPW2,51.5419124221134
RBMS3,147.4057062206963
TGFBR2,145.3630788354311
STT3B,101.63494847584758
ZNF860,66.23694381105454
OSBPL10,86.15047297515122
GPD1L,149.48219667425033
CMTM8,105.52497794157853
CMTM7,74.2304935041702
CMTM6,138.78191376321968
DYNC1LI1,88.56043953233734
CNOT10,92.02867258526726
TRIM71,66.5451664540042
TMPPE,93.44021886670134
GLB1,49.32352520598627
CRTAP,140.1673590200822
SUSD5,172.63147656083947
FBXL2,130.2453159804258
UBP1,99.09287955195379
CLASP2,113.68642754882197
PDCD6IP,162.0556870778422
ARPP21,216.70097971425906
STAC,67.08326984763019
DCLK3,128.7175568852246
TRANK1,118.43151851452836
EPM2AIP1,89.8026728044895
MLH1,159.2352178246125
LRRFIP2,155.23100696330818
GOLGA4,131.52954913363698
C3orf35,77.85172104578416
ITGA9,109.57271841988185
CTDSPL,122.88531506217481
VILL,65.02450747168731
PLCD1,127.23747372836863
DLEC1,143.92111022231103
ACAA1,110.89649769782463
MYD88,131.5409564944757
OXSR1,100.81434997015674
SLC22A14,51.96399978215456
XYLB,49.643073712528206
ACVR2B,150.1520729707541
EXOG,93.14578213755462
SCN5A,133.39609768280616
SCN11A,94.98826340785533
WDR48,139.01588769433468
GORASP1,150.53719939676273
TTC21A,90.93837539997574
CSRNP1,247.48659207865984
XIRP1,130.97180080935382
CX3CR1,183.70916480547726
SLC25A38,69.18460806100921
RPSA,151.82810333456118
MOBP,246.46935846244514
MYRIP,113.65011523727574
EIF1B,152.13424377821397
ENTPD3,150.14562425647065
RPL14,228.28679313171045
ZNF619,66.83561627331676
ZNF620,51.730655255601675
ZNF621,95.28225647969816
CTNNB1,155.5382071711573
ULK4,49.339523006206235
TRAK1,148.19098694371246
CCK,94.24841168672373
LYZL4,77.56361603326638
VIPR1,145.80541521051077
SS18L2,175.28173033975264
NKTR,124.7617482856947
SEC22C,75.62984997531817
ZBTB47,199.0338854103589
KLHL40,87.73510663084059
HHATL,105.50778708353747
CCDC13,84.7923708706461
HIGD1A,52.27194696903169
ACKR2,59.2344629952232
ZNF662,74.26507985054675
KRBOX1,45.85237028300514
FAM198A,110.60136100781034
POMGNT2,98.21239074914618
SNRK,88.26183224521895
ABHD5,78.29430859599145
ANO10,90.46203688379785
TCAIM,122.38523045643814
LINC00694,71.38857165828583
ZNF445,106.35645887292489
ZNF852,83.82335386209041
ZKSCAN7,56.34310081849969
ZNF660,99.99579116563172
ZNF197,60.281048459808005
ZNF35,75.57361098664322
ZNF502,85.93950408013117
ZNF501,83.57982364615123
KIAA1143,102.74774008856681
KIF15,77.80218737762186
TMEM42,110.19990482727198
EXOSC7,117.89748114606596
ZDHHC3,135.63854769750102
CLEC3B,250.0628478971633
CDCP1,72.097461401966
TMEM158,204.09577443515718
LARS2,80.70534980029325
LIMD1,129.6253105301814
SACM1L,97.08444939705683
SLC6A20,111.0039708112622
LZTFL1,135.04240253331696
FYCO1,134.330085970658
CCR1,213.56115842702178
CCR2,78.5631234138825
CCR5,146.35323180199083
CCRL2,95.94210418776166
LTF,97.21459055140835
TDGF1,72.75506940588096
LRRC2,72.87776233060589
ALS2CL,105.62467490256063
TMIE,146.26593610924354
PRSS46,62.566162475951046
PRSS45,50.499077044626375
PRSS42,58.52636648519183
PTH1R,207.5293948749157
MYL3,126.15899153362113
NBEAL2,119.74807822413473
CCDC12,114.00283465578701
SETD2,132.6054517835396
KIF9,106.08208164871621
KLHL18,101.74380605601922
PTPN23,115.32783092720155
SCAP,105.98474238568258
ELP6,116.00946576768223
CSPG5,210.30655638894325
SMARCC1,254.47127468528095
DHX30,228.6362091160575
MAP4,204.54713616978296
CDC25A,116.12320655232776
CAMP,87.46166023957772
ZNF589,77.2642995708465
NME6,74.40060505396633
SPINK8,69.95458115666446
FBXW12,78.41053622972777
PLXNB1,181.24389292838134
CCDC51,118.32442328869567
TMA7,135.6835254143902
ATRIP,99.97268192674252
TREX1,84.17247719190442
SHISA5,93.14145021293277
PFKFB4,130.72419749899478
UCN2,68.4297327720995
COL7A1,102.47583631125593
UQCRC1,248.3191680380333
SLC26A6,82.02248371645064
CELSR3,118.0271542532555
NCKIPSD,53.208887191794304
IP6K2,125.49130318080131
PRKAR2A,76.3063832580687
SLC25A20,201.49239346588945
ARIH2OS,53.05612850559041
ARIH2,134.74348963423324
P4HTM,131.33146462976924
WDR6,158.33936096394194
NDUFAF3,160.2058267912166
DALRD3,121.79078525956794
IMPDH2,144.6370839464503
QRICH1,77.51189732031486
QARS,231.35470238658792
USP19,180.00518909889848
LAMB2,168.58402932111068
CCDC71,73.54387839581781
KLHDC8B,113.90755780463908
CCDC36,45.327392904142414
C3orf62,90.43554880176166
USP4,98.40269616837767
GPX1,117.90855091968919
RHOA,151.49789856408444
TCTA,179.96051097302518
AMT,115.97869150633997
NICN1,118.1370954143552
DAG1,137.2607493877079
BSN,252.26881772485842
APEH,197.88381877754574
MST1,79.17989587366196
RNF123,101.81242014334632
GMPPB,93.13229279879153
IP6K1,135.00057480833723
CDHR4,144.76162286882308
FAM212A,106.18277263396396
UBA7,166.5414682510966
TRAIP,145.72765009458539
CAMKV,212.4310415449629
MST1R,91.97720470478109
MON1A,86.94819200270186
RBM6,94.49380613369252
RBM5,152.71878107798048
SEMA3F,151.31470410284732
GNAT1,60.13181443857587
SLC38A3,181.24614343042487
GNAI2,166.5200344605002
SEMA3B,190.57105231854416
LSMEM2,115.31379950528051
IFRD2,135.8942480377839
NAT6,128.51752958281054
HYAL3,131.70452414636958
HYAL1,110.35850834328627
HYAL2,174.64474570856282
TUSC2,121.63888687485519
RASSF1,106.34741165409812
ZMYND10,127.76152233056322
NPRL2,165.76278341719092
CYB561D2,96.40861596995907
TMEM115,72.74544753651807
CACNA2D2,212.84799515623746
HEMK1,82.53077971459797
C3orf18,130.65621003802264
MAPKAPK3,142.2234488836691
CISH,145.60411165018445
DOCK3,258.4381389892618
MANF,152.37409966112466
RBM15B,123.14732772668879
DCAF1,81.3372101355564
RAD54L2,130.1064978658533
TEX264,116.53069897488825
GRM2,117.72595416487653
IQCF1,55.70303573764372
RRP9,119.20141269150153
PARP3,176.90845107426895
GPR62,195.96685592705597
PCBP4,123.67628558875279
ABHD14A,118.13679637178993
ABHD14B,117.87242923004226
ACY1,145.53285287191176
RPL29,250.23940201990274
DUSP7,215.06888802894628
POC1A,63.49594005388201
ALAS1,89.918890118957
TLR9,63.60269890578334
TWF2,158.63498689046685
PPM1M,99.71271878350953
GLYCTK,106.39609140993176
WDR82,178.5675249060783
DNAH1,103.21271685070985
BAP1,196.43134017306835
PHF7,58.856869117188666
SEMA3G,144.66530076301217
TNNC1,113.1008020170677
NISCH,97.16958708838814
STAB1,100.72893574418936
SMIM4,67.62128251197225
NT5DC2,87.02580242663888
GNL3,56.19877190005775
PBRM1,78.39075036420073
SPCS1,144.6883941550665
GLT8D1,160.95623898729582
NEK4,68.01893283735242
ITIH3,84.00230613366014
ITIH4,86.11013064508654
MUSTN1,211.5035471378161
TMEM110,113.33395644008604
SFMBT1,94.46224868391553
RFT1,80.94424822682129
PRKCD,129.35081908099139
TKT,136.10773077475727
CACNA1D,116.33037588236624
DCP1A,85.08296446218003
CHDH,120.35720192856655
IL17RB,165.45531184653356
ACTR8,63.4421388243735
SELENOK,225.26436196298334
CACNA2D3,161.64213892330008
LRTM1,64.26958292310883
WNT5A,90.78202161837197
ERC2,271.8427278398898
CCDC66,82.21892440066088
FAM208A,125.63481357645259
ARHGEF3,143.4920822854205
IL17RD,134.5811945441837
HESX1,51.25514274320352
APPL1,94.00618374014783
ASB14,90.38723213990531
DNAH12,102.49731583151524
PDE12,102.00488111373559
ARF4,87.7559591927847
DENND6A,81.57258002676812
SLMAP,82.4602241684519
FLNB,139.98541586410934
ABHD6,124.60595946900384
RPP14,105.06196375908723
PXK,139.48058836804654
PDHB,94.30437297367652
KCTD6,116.4168304966959
ACOX2,130.2211367281938
FAM107A,138.68455549921188
FAM3D,66.20037343873503
C3orf67,92.50923257617609
FHIT,121.48639915973502
PTPRG,103.81400195893957
C3orf14,107.59678423340483
FEZF2,181.48003004811568
CADPS,254.24467488468588
SYNPR,128.33510501515119
C3orf49,62.815846471172904
THOC7,102.06152289038477
ATXN7,110.5758882599508
PSMD6,102.9209824334178
PRICKLE2,89.6047573062055
ADAMTS9,78.56019551726169
MAGI1,140.89627491345985
SLC25A26,60.513048653433174
LRIG1,135.43413181768733
KBTBD8,103.92258675092393
SUCLG2,83.17728405760573
FAM19A1,78.95507505158523
FAM19A4,61.10615653397457
EOGT,93.94213811030681
TMF1,85.35975000215151
UBA3,96.29480488496745
ARL6IP5,55.024374073698795
LMOD3,106.19287187751758
FRMD4B,172.02533160424693
MITF,73.32679765635436
RP11-231I13.2,48.520385225767
FOXP1,189.16255248023327
EIF4E3,108.23060640015507
GPR27,100.92016492319456
PROK2,140.4941775668454
RYBP,186.47073414397707
SHQ1,65.84544180237748
GXYLT2,56.51009988362247
PPP4R2,72.46863051828095
EBLN2,86.4706966926035
PDZRN3,150.95525223925222
CNTN3,132.3615203907314
ZNF717,69.78465647437031
ROBO2,146.51206965442395
ROBO1,109.03915344125832
GBE1,130.36275029365677
CADM2,126.03848802261345
VGLL3,91.98427100180606
CHMP2B,124.2878633063905
POU1F1,70.88470490578044
HTR1F,112.58978801236606
ZNF654,93.20591709555563
CGGBP1,105.96466306704394
C3orf38,146.33993503953369
EPHA3,98.6328559747846
PROS1,109.76565636726963
ARL13B,78.73758979005731
STX19,57.66959621311551
DHFR2,87.68340355472296
NSUN3,79.59811604058115
MTRNR2L12,122.64416040637337
EPHA6,99.24589461369052
ARL6,84.18877778128336
CRYBG3,138.92190091096717
RIOX2,91.67489397260269
OR5K2,61.97793225978316
CLDND1,205.97732257564837
CPOX,140.69711827451758
ST3GAL6,114.93239617856119
DCBLD2,103.9313102226345
COL8A1,166.55514611676054
CMSS1,144.7456842470935
FILIP1L,158.90143705218955
TBC1D23,116.43257785132187
NIT2,141.65624927950512
TOMM70,154.6051698982699
LNP1,47.848893079648775
TMEM45A,104.40614712432426
TFG,125.82521621132744
ABI3BP,104.39452307180599
IMPG2,59.211254514259906
SENP7,192.14284970947162
TRMT10C,90.88322638171363
PCNP,128.48547898087415
ZBTB11,112.80144299518898
RPL24,240.388872232609
CEP97,97.58631238858356
NXPE3,114.60602893340814
NFKBIZ,185.24443545844377
ALCAM,130.8816182076114
CBLB,92.79938885374216
CCDC54,69.17374539034972
BBX,155.9030679876671
CD47,102.51766670159756
IFT57,74.96340893021252
HHLA2,61.15981075561996
MYH15,124.61097599303571
KIAA1524,71.88131623128416
DZIP3,156.34014097255056
DPPA4,70.5716396027139
NECTIN3,98.84875470390372
CD96,122.70735737092275
ZBED2,250.22370098087657
PLCXD2,145.7734257485747
PHLDB2,139.91148393004164
ABHD10,94.34150859942633
TAGLN3,127.03928670290634
C3orf52,115.438527897239
GCSAM,69.58005784790922
CD200,122.78492083919446
ATG3,108.77389433533912
SLC35A5,139.02615475255374
CCDC80,252.7430706842324
CD200R1,72.60303355017672
GTPBP8,55.07374875603705
NEPRO,70.88302230602727
BOC,132.99361758577197
CFAP44,93.10536161005282
SPICE1,88.55492339564847
SIDT1,107.06271455289377
USF3,120.80928840113938
NAA50,121.75673959497783
ATP6V1A,128.14920940554228
GRAMD1C,151.95086928762822
ZDHHC23,222.56597960953513
QTRT2,88.75603466493226
CCDC191,77.60624120916825
DRD3,168.5115232125815
TIGIT,139.1611228025885
ZBTB20,116.01453348403709
GAP43,225.0502584953046
LSAMP,115.30887668468893
IGSF11,215.00780609596364
UPK1B,78.24037152216258
B4GALT4,172.14005554249593
ARHGAP31,158.60598881295883
TMEM39A,51.25379503199926
POGLUT1,87.16687572827911
TIMMDC1,90.26683599396031
ADPRH,65.30762016140397
PLA1A,113.42298332374165
POPDC2,53.472497160439815
COX17,218.62827255565935
MAATS1,146.91650157809232
NR1I2,59.31864230613775
GSK3B,98.79371362607372
GPR156,76.7820185812987
LRRC58,71.04707255882386
FSTL1,100.18469989665596
NDUFB4,142.9337251330851
HGD,168.26583951407446
RABL3,63.572733828488055
GTF2E1,105.44270736240807
STXBP5L,130.50434630334112
FBXO40,67.20399893034912
HCLS1,85.5777268635832
GOLGB1,205.02859089528994
IQCB1,57.491659013644494
EAF2,92.22260629697632
SLC15A2,144.9712665650987
CD86,133.33156840326808
CSTA,137.1007279043341
CCDC58,93.27273761578837
FAM162A,91.84650016987678
WDR5B,77.4024113301574
KPNA1,62.32649335397139
PARP9,194.3678684501498
DTX3L,169.0526270159786
PARP15,117.70448823158657
PARP14,205.4576635172486
HSPBAP1,126.78023449636211
DIRC2,205.20150482133226
SEMA5B,192.28842485262544
PDIA5,127.07845286345452
SEC22A,90.0799610229773
ADCY5,137.6677634992882
HACD2,88.11485830769257
MYLK,144.25768948951225
CCDC14,126.93060999505843
ROPN1,68.51773874634455
KALRN,105.6502426508207
UMPS,66.32232691141542
ITGB5,112.81779646460504
HEG1,208.69181277339158
SLC12A8,98.29724132334275
ZNF148,102.5294774128451
SNX4,84.58535965320877
OSBPL11,140.46640313589845
ALG1L,49.61999835103475
ROPN1B,102.27833949915657
SLC41A3,161.72967037472534
ALDH1L1,153.00909913363913
KLF15,187.5921226037524
CFAP100,128.39009352990055
ZXDC,89.18468155982268
UROC1,37.92688296197886
CHST13,78.08595549261483
TXNRD3,96.08230747371715
CHCHD6,103.18107455671904
PLXNA1,152.90936740532237
TPRA1,77.57350009519311
MCM2,119.15194060182253
PODXL2,138.0996528525804
ABTB1,125.41765010219407
MGLL,206.46354301092657
KBTBD12,132.34472531293363
SEC61A1,141.11042764284662
RUVBL1,73.00750008966622
EEFSEC,65.28233161647532
GATA2,220.12327119160796
RPN1,127.74389078592722
RAB7A,235.12708858345655
ACAD9,47.17000489130669
RP11-723O4.6,157.74974322607733
EFCC1,63.591964736787986
KIAA1257,71.35022281647738
RAB43,69.79515250186009
ISY1,95.31317878008483
CNBP,218.43425823891027
COPG1,184.650472809823
HMCES,153.06207776517806
H1FX,213.62801830729484
EFCAB12,96.97487044842848
MBD4,143.4803812446097
IFT122,86.63648389893962
RHO,62.16970660913347
PLXND1,148.77689948749432
TMCC1,106.70095029148564
TRH,147.8101345898669
ALG1L2,106.20610319273001
COL6A5,153.1838247857763
COL6A6,231.95868882112532
PIK3R4,103.47511387544083
ATP2C1,121.1639999400972
NEK11,178.85726758607123
ASTE1,110.78759556275736
NUDT16,200.2527402666347
MRPL3,116.13485831570512
CPNE4,196.13452923519526
ACPP,63.791776081507834
DNAJC13,128.7431989332775
ACKR4,65.92535476749168
ACAD11,99.1566065008891
UBA5,63.40547339382229
NPHP3,69.50839619746992
TMEM108,96.42225155822379
CDV3,132.0531259605482
TOPBP1,106.80336336919848
TF,193.89736253074864
SRPRB,85.40880830168999
RAB6B,145.78634552449012
SLCO2A1,76.97707258531466
RYK,58.26938869587451
AMOTL2,212.42045845307973
CEP63,95.3456248310992
ANAPC13,139.5638847424858
EPHB1,117.01731518565148
KY,85.29939970745747
PPP2R3A,96.44949871273698
MSL2,133.18026195029748
PCCB,109.67221367105859
STAG1,95.9600978051613
SLC35G2,115.05737048995081
NCK1,81.26534729991624
IL20RB,46.1479901728724
CLDN18,60.316610114873185
DZIP1L,150.04495822651293
A4GNT,52.027684815705044
DBR1,120.62361503278154
ARMC8,130.72172634551586
NME9,84.82234259308595
MRAS,228.8058956480545
ESYT3,113.1671598121041
CEP70,136.67025748409276
FAIM,109.95848176072039
PIK3CB,83.44594639868197
FOXL2,170.08284485998766
FOXL2NB,146.93205662353034
MRPS22,101.15042312056863
COPB2,162.54493455553654
RBP1,109.89227949678124
NMNAT3,99.14469603320802
CLSTN2,228.04574599690167
SLC25A36,212.98198009302445
SPSB4,125.67703341189599
PXYLP1,76.81955590432165
ZBTB38,134.26246422504062
RASA2,100.45241257730845
RNF7,184.27392533072083
GRK7,74.61267302756113
ATP1B3,138.75559771862197
TFDP2,82.51717821130867
GK5,88.65070338479052
XRN1,175.72320502443802
ATR,120.48615698541704
PLS1,123.20479984144387
TRPC1,126.58000850503342
PCOLCE2,99.93238149088452
PAQR9,140.33015424058993
U2SURP,137.10670760132612
CHST2,200.30560324203412
SLC9A9,108.45952943441335
C3orf58,147.4682370550781
PLOD2,148.12873981858198
PLSCR4,220.4772397074181
PLSCR1,137.69108597697925
PLSCR5,106.01709450575405
ZIC1,221.77848254653532
ZIC4,185.62552597383856
AGTR1,69.03788568698354
CPB1,122.2635011012128
GYG1,96.29227684365279
HLTF,87.6736848055815
HPS3,103.0757157797201
CP,134.46649230241815
TM4SF18,165.76496343950055
TM4SF1,191.01841905368246
WWTR1,179.3283736684404
COMMD2,61.29492298215956
RNF13,100.0459419509443
ANKUB1,98.15645204499549
PFN2,150.58949464827046
TSC22D2,181.04087605708395
EIF2A,77.59341709817588
SELENOT,127.22147304176906
SERP1,162.54416382972352
ERICH6,68.21562623840836
SIAH2,134.10118864767793
MINDY4B,157.59174706363729
MED12L,144.82142050378272
GPR171,82.99611483852769
P2RY14,269.54261217543876
P2RY13,174.93513219585606
P2RY12,217.27562860502422
IGSF10,80.64694563136223
SUCNR1,83.5377377914132
MBNL1,149.8070054254273
P2RY1,116.24098927852992
RAP2B,120.2591206702867
ARHGEF26,110.34800525074803
DHX36,151.83808083570494
GPR149,107.38957712439588
MME,183.60694586880896
RP11-451G4.2,59.5587881396911
PLCH1,135.9327212048867
C3orf33,66.49204653141314
SLC33A1,117.74416560384486
GMPS,78.74935002620228
KCNAB1,275.98635659848094
SSR3,114.26726346400156
TIPARP,205.09069062814075
LEKR1,47.686967880677116
CCNL1,127.248086059381
PTX3,56.85478334002687
VEPH1,55.243359942987155
PQLC2L,62.18592456929909
RSRC1,101.0312905516698
MLF1,194.28387443826267
GFM1,88.53034020340908
LXN,56.96233533638906
RARRES1,99.51981542731343
MFSD1,96.47652260963397
IQCJ-SCHIP1,99.6199244495239
SCHIP1,103.7214534985417
IL12A,79.98480556169784
C3orf80,100.85868011880223
IFT80,135.41142472951876
SMC4,96.70230432269108
TRIM59,182.51036694189702
KPNA4,111.91536224025322
PPM1L,190.92326089293994
NMD3,148.1518953533599
B3GALNT1,147.47707599127415
SPTSSB,105.733911078868
SLITRK3,223.78480103560173
BCHE,182.75647773654416
ZBBX,149.55144679037767
SERPINI2,118.53659596576807
WDR49,124.47216722750852
PDCD10,129.1662348934954
SERPINI1,110.23882545364975
GOLIM4,138.8693835789111
MECOM,142.10281159288633
ACTRT3,108.23264512047561
MYNN,96.2765092695351
LRRC34,62.568478382466964
LRRIQ4,69.51067686416096
SEC62,156.2255313398618
GPR160,90.55464004907137
PHC3,125.40093436251206
PRKCI,103.36565937353939
SKIL,164.8293192579487
CLDN11,237.30992169143911
SLC7A14,183.94433559654675
RPL22L1,163.81380848032813
EIF5A2,85.52165286164879
TNIK,145.52011492899862
PLD1,96.1385117500985
FNDC3B,132.87513005239066
TNFSF10,179.003282319937
NCEH1,189.0146939006354
ECT2,145.6835426058538
NLGN1,87.18289683900878
NAALADL2,102.79618150966755
TBL1XR1,122.70050224689189
KCNMB2,101.44123082623403
ZMAT3,128.2301413518822
PIK3CA,137.08453651937765
KCNMB3,76.20124895860343
ZNF639,83.76456627433339
MFN1,97.81633100917784
GNB4,100.03056461882372
ACTL6A,102.29235432304753
MRPL47,87.37742666621332
NDUFB5,186.4184434934594
USP13,77.53272112468474
PEX5L,145.24012561634456
TTC14,136.6765325455639
FXR1,219.31034154675723
CCDC39,138.9824716550722
DNAJC19,126.68383155915541
SOX2,208.38781040650042
ATP11B,115.5226291787769
DCUN1D1,105.86290177572963
MCCC1,57.991252513479736
LAMP3,85.83122658425856
B3GNT5,104.10353655325466
MCF2L2,125.0923631009473
KLHL6,133.79152758492359
KLHL24,126.51683930501625
YEATS2,86.48675738870969
MAP6D1,169.98864336652133
PARL,104.30531729128373
ABCC5,143.57518363839273
EIF2B5,150.73628615616366
DVL3,191.94829350578993
AP2M1,197.9767919213553
ABCF3,71.34450860232556
VWA5B2,92.80471858724624
ALG3,140.1783970675381
ECE2,193.96061281794806
CAMK2N2,182.21126086914578
PSMD2,107.26437247802338
EIF4G1,141.33449931988503
FAM131A,122.84617219757226
CLCN2,123.49323951397335
POLR2H,94.5564104012281
THPO,74.86136017828088
CHRD,182.06660948984126
EPHB3,126.00082042486989
MAGEF1,103.78354367426661
VPS8,77.86046874386065
C3orf70,122.48124649079625
EHHADH,115.38662678670931
MAP3K13,101.57245206678104
TMEM41A,111.01037395565311
LIPH,46.44568266685843
SENP2,204.6378383109643
IGF2BP2,88.95686465765823
TRA2B,121.1107596650291
ETV5,186.7176350964491
DGKG,109.62884242148715
CRYGS,105.00094154826809
DNAJB11,166.0036492609774
TBCCD1,71.37916891342638
AHSG,83.85161220833103
FETUB,71.97031276290542
EIF4A2,120.77823858470299
RFC4,75.51697516603153
ADIPOQ,90.55402373371544
ST6GAL1,196.26638760083608
RPL39L,120.33243169801472
RTP1,71.47975994059465
MASP1,144.56045371454815
RTP4,114.5774698844244
SST,180.10542305609
BCL6,111.47334961564587
RP11-211G3.2,42.10275355975887
LPP,238.23940757622432
TP63,56.45084423991179
P3H2,126.39804343176883
CLDN1,137.646591345867
CLDN16,75.695714243482
IL1RAP,222.74451957720578
GMNC,89.33503620364294
OSTN,73.30467297472947
CCDC50,205.89270516039636
UTS2B,85.43594717970205
FGF12,177.07282071821132
MB21D2,87.01366325992836
HRASLS,173.67210642008442
ATP13A5,85.56268100604868
ATP13A4,120.4550867890357
OPA1,158.75154138407504
HES1,191.30907190694373
GP5,72.88174524497359
ATP13A3,100.06959814267941
TMEM44,119.19579145203943
LSG1,83.67425632519866
FAM43A,129.7633953640823
XXYLT1,67.07664048372521
ACAP2,81.40363943160253
PPP1R2,115.83093946347111
APOD,141.25585392802347
MUC20,97.80309106938327
MUC4,53.41759913059283
TNK2,136.95698395891793
TFRC,149.42025137685147
ZDHHC19,55.65711470772007
SLC51A,82.95476939633787
PCYT1A,105.2736606301888
TCTEX1D2,104.9596387655051
UBXN7,147.23990836875106
RNF168,108.53880325810564
SMCO1,62.18535381983585
WDR53,118.68281238968837
FBXO45,122.19013277957029
NRROS,123.12584471036212
CEP19,87.77566559992829
PIGX,105.59279620253147
PAK2,92.85860338946435
SENP5,115.68421973053722
NCBP2,144.44365784355597
NCBP2-AS2,145.16235483567195
PIGZ,44.99482094000132
MELTF,134.4042687374464
DLG1,157.9359148781147
BDH1,88.68144756194161
FYTTD1,87.04829580812307
RUBCN,130.80241500052662
LRCH3,126.19466242564565
RPL35A,269.5095270980173
IQCG,117.31508817839057
LMLN,131.42359294022387
ZNF595,102.96160732644387
ZNF718,47.40206591788811
ZNF732,63.87084489426843
ZNF141,90.90427988595346
ZNF721,122.83133593103645
PIGG,65.33870343541551
PDE6B,168.7108178649459
ATP5I,179.48433603217455
MYL5,70.63984384194302
MFSD7,49.23689641708543
PCGF3,98.34608964680928
CPLX1,194.87273099328002
GAK,156.73484961802313
TMEM175,145.1300783872729
DGKQ,141.1760245509466
IDUA,214.77797981727127
SLC26A1,66.90281702221205
FGFRL1,157.9976644842562
RNF212,56.4469502545563
SPON2,162.3485836173802
CTBP1,179.64330983267956
MAEA,118.3245829950412
UVSSA,68.6020776583087
CRIPAK,85.56241048454493
FAM53A,51.97013581580842
SLBP,133.51117030198924
TMEM129,58.06235244089163
TACC3,80.49137041875917
FGFR3,138.55077972819043
LETM1,153.85927686467016
NSD2,95.84612153953736
NELFA,122.66088956724641
C4orf48,290.3168733573117
NAT8L,212.3479578290166
POLN,88.05892812944472
HAUS3,93.15032294278024
MXD4,97.05223272218973
ZFYVE28,141.9757621812231
CFAP99,100.0884933342972
RNF4,66.82340243201315
FAM193A,159.47371928242302
TNIP2,76.1400310170593
SH3BP2,143.3987651113792
ADD1,92.43074645471677
MFSD10,197.3352404048859
NOP14,91.57332303749334
GRK4,74.00829406597578
HTT,200.07816531437226
MSANTD1,76.07604859647651
RGS12,143.701896290685
HGFAC,102.73615801048129
DOK7,97.51967394333357
LRPAP1,105.4879106115296
ADRA2C,116.36103131870954
TMEM128,111.1416535680118
LYAR,72.89694346242561
ZBTB49,54.93195196216686
NSG1,161.7736559655976
STX18,110.65891501874424
MSX1,82.23709379316224
CYTL1,64.52776428631833
STK32B,159.05815159225827
EVC2,111.42118520735525
EVC,67.79235814595086
CRMP1,223.1755147887614
C4orf50,111.00460965188415
JAKMIP1,227.70845541791812
WFS1,195.81424925190498
PPP2R2C,210.13391762792128
MAN2B2,77.9835518958275
MRFAP1,163.8695549012969
S100P,107.71686613055655
MRFAP1L1,208.0834260467301
BLOC1S4,70.18122805300791
KIAA0232,171.38285666562962
TBC1D14,99.63744099266549
CCDC96,253.9360258825334
TADA2B,133.62832226874795
GRPEL1,66.9054265625017
SORCS2,176.6689028217648
AFAP1,181.91270973957012
ABLIM2,239.6953768267939
SH3TC1,80.22158521403298
HTRA3,92.36145047469867
TRMT44,115.96265978675987
ACOX3,89.29947596601141
HMX1,85.98222938396617
DRD5,197.7814035152862
SLC2A9,70.47001152416846
WDR1,137.70090737471804
ZNF518B,164.54665130247983
HS3ST1,148.25005164133574
RAB28,99.81673391930283
BOD1L1,130.01227428222413
CPEB2,145.47467322450873
C1QTNF7,143.26572109482103
CC2D2A,124.56236740127557
FBXL5,138.86777632496432
FAM200B,92.57045000151524
BST1,101.10530480207166
CD38,134.7568755401685
FGFBP2,95.27318191328442
PROM1,136.68960100440606
TAPT1,127.28660651386562
LDB2,153.13562995316755
QDPR,119.3118517778959
LAP3,137.4808122244387
MED28,89.01271965334283
FAM184B,93.05467507006924
DCAF16,195.02820782810085
NCAPG,96.69485143133184
LCORL,113.75102324750944
SLIT2,139.55908017717047
PACRGL,67.53974482009733
KCNIP4,192.74734197629155
ADGRA3,84.69797658376146
PPARGC1A,138.3340398024094
DHX15,101.76060480242813
SOD3,177.78936222500255
CCDC149,91.28522130490231
LGI2,205.63430844192192
SEPSECS,83.23396911215511
PI4K2B,141.71214924268315
ZCCHC4,82.339455129438
ANAPC4,60.079175168415674
SLC34A2,62.512758179035984
SMIM20,79.07486124401748
SEL1L3,143.50487121261716
RBPJ,170.51297626931483
CCKAR,55.4280160405946
TBC1D19,85.79204391543169
STIM2,80.72473471136911
PCDH7,110.57738867152608
ARAP2,186.55083730394676
DTHD1,157.77516753212169
C4orf19,76.5452495514786
RELL1,108.96099493857952
PGM2,61.41893625145772
TBC1D1,133.5084108743124
PTTG2,51.9375695315787
KLF3,133.7712163688246
TLR10,88.5208941970829
TLR1,82.27697019154073
TLR6,74.87081339344124
FAM114A1,137.1957186601157
TMEM156,49.668822311345764
KLHL5,163.00685630503426
WDR19,119.24212062185575
RFC1,69.46873472423954
KLB,166.3258800200324
RPL9,83.07787839830456
LIAS,102.7975247385869
UGDH,63.36217108746686
SMIM14,107.11767725968053
UBE2K,112.04774147649184
PDS5A,123.33730616605669
N4BP2,68.20950662063333
RHOH,53.87551040250986
RBM47,81.02412259865736
NSUN7,106.25024937624104
APBB2,76.89692737061128
UCHL1,230.75134467141993
LIMCH1,101.42324723208861
TMEM33,107.65046542115755
DCAF4L1,102.85234338350097
SLC30A9,100.18710089894952
BEND4,88.06093853094649
SHISA3,95.19320914743409
ATP8A1,151.58781780229398
KCTD8,115.5734897812521
YIPF7,77.93235258005521
GUF1,70.1797742925466
GNPDA2,75.16817439738847
GABRG1,207.51232922542084
GABRA2,225.45321968715575
GABRA4,178.10598541660892
GABRB1,147.25034527958383
COMMD8,99.2879539252076
ATP10D,126.76281121000443
CORIN,63.847082874757376
NFXL1,70.83741219342375
NIPAL1,97.35407435993301
CNGA1,74.1413039526735
TXK,107.91464293107657
TEC,100.3832301331066
SLAIN2,78.32325934833963
SLC10A4,255.79919592687736
ZAR1,135.42736371461294
FRYL,274.5054195716926
OCIAD1,127.10686426948558
OCIAD2,141.67126098784252
DCUN1D4,97.46946029154347
LRRC66,175.1829017246871
SGCB,143.36006848831502
SPATA18,132.92818572138353
USP46,103.14974283427327
ERVMER34-1,73.40614701350358
RASL11B,129.78290028977193
SCFD2,125.6276619024706
FIP1L1,185.25293931097883
LNX1,245.92358191899507
CHIC2,106.84519869428061
GSX2,81.93229091104877
PDGFRA,279.79472048941653
KIT,201.20637446410592
KDR,103.11155853826475
SRD5A3,59.129975917670606
TMEM165,123.96459851991963
CLOCK,159.55721559943572
NMU,64.27425170158384
RP11-345F18.1,80.05076764789129
EXOC1,103.65905636727857
CEP135,85.19294646956314
KIAA1211,116.07778498243749
AASDH,72.3103570790042
PPAT,80.26889033087136
PAICS,94.0282477106609
SRP72,51.560830864633914
ARL9,59.69075577937244
HOPX,78.07997248010932
SPINK2,73.298699643887
REST,142.89169288626306
NOA1,76.08671601633824
POLR2B,109.52982836156133
IGFBP7,110.65576915784553
ADGRL3,86.92170468065655
EPHA5,85.25661211718761
CENPC,99.61220899668106
UBA6,107.25414441704763
GNRHR,61.29424840409018
YTHDC1,143.30159552421296
SULT1B1,89.81621094253785
MUC7,93.30773206108418
AMBN,143.0701546955117
JCHAIN,66.96474502070473
UTP3,204.47049238869158
RUFY3,96.70855817259914
GRSF1,136.89676316893676
MOB1B,87.52643939288475
DCK,87.93440843482409
SLC4A4,110.14963375120627
NPFFR2,144.96678686795397
ADAMTS3,107.31269248764724
COX18,118.2919236800812
ANKRD17,111.54872333399197
ALB,92.46986518534166
CXCL8,142.664877697721
CXCL6,57.01027517569824
CXCL1,126.6070551792069
PPBP,75.75866521449231
CXCL5,85.96370684655597
CXCL3,89.98242380684647
CXCL2,171.49531885560438
MTHFD2L,93.61235152741557
AREG,83.49496376107038
BTC,75.24154538302588
PARM1,209.978229122598
THAP6,114.22057695966024
RCHY1,81.99343920984947
C4orf26,49.63121260578205
CDKL2,113.28416061007113
G3BP2,147.19528902433802
USO1,111.9491821849729
PPEF2,52.797039107579906
NAAA,65.03371432462518
SDAD1,124.44249340181557
CXCL9,71.25498797317326
ART3,97.16470187522143
CXCL10,139.4687504297489
CXCL11,107.62056092611505
NUP54,67.4466051986436
FAM47E,132.45741766667845
SCARB2,122.47178287006395
STBD1,103.77872954398407
CCDC158,69.24828764483311
SHROOM3,136.0321398576028
SOWAHB,79.06136094409177
SEPT11,95.12216742441521
CCNI,191.99782792066566
CCNG2,95.03684298693372
CNOT6L,122.75799765406202
MRPL1,100.68135195668381
FRAS1,60.774326085554435
ANXA3,158.23086676842235
BMP2K,165.42914045047127
PAQR3,128.74047664884375
ANTXR2,118.01212476487018
PRDM8,100.40544427281912
C4orf22,120.63611788875161
BMP3,82.13614182986242
PRKG2,235.65599151650503
RASGEF1B,110.96964355562318
HNRNPD,116.8379289396205
HNRNPDL,102.04081703704702
ENOPH1,92.58093890701079
TMEM150C,104.71957927940053
SCD5,144.61539490398553
SEC31A,185.9263940094101
THAP9,116.09388021813206
LIN54,104.93680094891079
COPS4,86.70705881240485
PLAC8,85.05848880046617
COQ2,105.86507999174361
HPSE,114.24338795783697
HELQ,78.06104054150703
MRPS18C,105.94295008042829
FAM175A,58.22168944734685
GPAT3,76.52762405462406
NKX6-1,114.91621450944766
CDS1,172.31947958039711
WDFY3,144.718400682006
ARHGAP24,84.20989238166729
MAPK10,119.5086869624038
PTPN13,100.58898134407258
SLC10A6,87.21325258354139
AFF1,92.26823407039075
C4orf36,65.43164969629584
KLHL8,128.61742005143046
HSD17B13,51.97117338671549
HSD17B11,92.14414326644439
NUDT9,135.28381282841332
SPARCL1,116.49207036237772
MEPE,109.59858889090864
SPP1,96.88942499243251
PKD2,97.28746036454316
ABCG2,172.94670284150408
PPM1K,146.21147889099856
HERC6,135.5504925640103
HERC5,165.3445023757052
HERC3,135.69988238226267
PYURF,62.64944482169079
NAP1L5,152.57486614162178
FAM13A,104.80808189146273
TIGD2,68.84624334665355
GPRIN3,153.45929292390963
SNCA,119.64392793647247
MMRN1,60.460652020276626
CCSER1,64.62139268170864
GRID2,110.87117993015246
SMARCAD1,114.729776163416
HPGDS,84.76105021817864
PDLIM5,107.62971373911446
BMPR1B,162.69457101119679
UNC5C,90.06972608008562
RAP1GDS1,199.59393287203653
TSPAN5,119.32104168436877
EIF4E,131.97675220130742
METAP1,68.12996009918402
ADH5,181.50234067223636
ADH1B,125.30196441660507
ADH1C,66.0383067593684
MTTP,83.80152511789822
TRMT10A,134.3179631881521
RP11-766F14.2,121.829477798655
DAPP1,58.69824104340236
LAMTOR3,110.19333076326564
DNAJB14,197.10979603186752
H2AFZ,153.39147679395768
DDIT4L,90.69365645471478
EMCN,107.35778763783813
PPP3CA,240.39306735811613
BANK1,91.86783214251821
SLC39A8,133.09867098533718
NFKB1,103.17869082822801
MANBA,105.30239865906415
UBE2D3,109.48884820885775
CISD2,117.74736063215775
SLC9B1,56.524856533313454
SLC9B2,130.81765221267366
BDH2,105.7769034783233
CENPE,153.3818124629985
TACR3,81.90605963531038
CXXC4,117.86633316139415
TET2,69.4705921480786
PPA2,102.09868193668783
GSTCD,112.89843706765228
NPNT,136.4575799898712
INTS12,74.63661254119754
AIMP1,85.81694088364907
TBCK,84.03443953879875
DKK2,78.48096642554577
PAPSS1,143.67066304090656
SGMS2,163.13292915942952
CYP2U1,144.24986154584883
HADH,134.64353905052042
LEF1,159.87919298208357
RPL34,200.38937344901578
OSTC,123.00679180759826
ETNPPL,226.31198019689975
COL25A1,66.21480655745498
SEC24B,155.15284995883025
MCUB,79.16005291400398
CASP6,108.95309427167754
PLA2G12A,118.26631283415006
CFI,115.22171431763607
GAR1,75.37887486272754
RRH,65.25368802635484
LRIT3,61.11908909108021
EGF,44.82588623111184
ELOVL6,194.30002892661037
ENPEP,143.401298919961
C4orf32,92.8212187759998
AP1AR,78.28085902524907
ALPK1,76.43887171565638
TIFA,130.3536719492068
NEUROG2,124.69885673934527
ZGRF1,160.0307102367113
LARP7,101.42785646170239
ANK2,154.90420392853184
CAMK2D,161.66863953373198
ARSJ,58.04333620807853
UGT8,206.13203523385198
TRAM1L1,124.76082772248691
NDST3,202.79817300159112
PRSS12,76.56934828393148
METTL14,58.85615166696755
SEC24D,166.12380354060178
SYNPO2,113.95871134221179
MYOZ2,131.97283076952127
USP53,89.22356305162165
C4orf3,135.46463799970638
PDE5A,185.03641618013924
MAD2L1,71.10892303060854
PRDM5,56.40403309294007
NDNF,97.0401559320849
QRFPR,59.60089680009489
ANXA5,65.59572403636707
TMEM155,62.28904172968953
EXOSC9,107.12984333939835
CCNA2,96.86576595110915
BBS7,99.34172359921894
TRPC3,260.40181164776084
KIAA1109,174.92150339412996
BBS12,82.8038335018773
FGF2,176.8135005883168
NUDT6,57.293639343773606
SPATA5,66.3480437558049
SPRY1,192.578926169414
ANKRD50,89.11332216232654
FAT4,94.05438938455131
INTU,162.50943846996117
SLC25A31,61.26148481640263
HSPA4L,137.47713438929128
PLK4,96.47766819308939
ABHD18,92.46231566504352
MFSD8,131.73479618970393
LARP1B,64.39962489624781
PGRMC2,170.9630208157385
JADE1,151.01993087465445
SCLT1,102.31827731372391
C4orf33,65.81906614678803
PCDH10,237.27938513922385
PABPC4L,59.53364949084718
PCDH18,135.4584118070579
SLC7A11,145.80429776834882
NOCT,106.19822073264234
ELF2,73.55541281379544
MGARP,86.42650533262608
NAA15,108.02372499418416
NDUFC1,171.38644225724607
RAB33B,127.50469366272469
SETD7,123.62123436678729
MGST2,66.53356729821692
MAML3,130.06200336626134
SCOC,182.54035873938966
CLGN,136.0101505758512
ELMOD2,80.39137110046906
TBC1D9,139.60234177529153
RNF150,254.76382547519796
ZNF330,98.38849562777852
IL15,96.25657933052142
INPP4B,181.3802798056783
USP38,107.41085929753757
GAB1,179.60115746470092
SMARCA5,150.7276515254057
GYPE,62.72094796021358
GYPA,67.90252824530634
HHIP,174.64811811772867
ABCE1,156.29857531439558
ANAPC10,118.0706699933308
OTUD4,97.29422834592233
SMAD1,151.9207509730012
MMAA,42.01344227159561
ZNF827,167.41325339115411
LSM6,56.71632614714443
RP11-6L6.2,43.78495669544026
SLC10A7,63.37720670668605
TTC29,123.71368267705068
EDNRA,129.55441422585085
TMEM184C,129.30682535294957
PRMT9,96.75248640799353
ARHGAP10,215.2192249755148
NR3C2,132.01464651358393
DCLK2,183.32351814496263
MAB21L2,53.990972780563766
LRBA,124.70770574780263
RPS3A,194.64015195567822
PRSS48,42.50192201110514
SH3D19,66.83768621466947
FAM160A1,64.32281401502715
GATB,126.19751860287823
FBXW7,170.52885001796795
TMEM154,90.85914636253179
TIGD4,68.9515485833384
ARFIP1,105.54561924295339
FHDC1,160.30270079811007
TRIM2,129.2857021616516
MND1,68.6352847482483
KIAA0922,144.46470181857168
TLR2,60.86067625656412
RNF175,107.01719402441816
SFRP2,138.05254386852212
DCHS2,125.14721908270488
PLRG1,115.86043450724048
FGB,88.52756651745011
FGA,77.87272117747929
FGG,70.79393409879336
LRAT,206.80462335163782
NPY2R,48.05960154361392
MAP9,150.9582801317037
GUCY1A3,167.1145045284808
GUCY1B3,206.92984706664697
CTSO,132.49649587285583
PDGFC,90.84268264677212
GLRB,107.30601544822736
GRIA2,224.25582101688178
FAM198B,107.05329331313465
TMEM144,171.65001136872388
RXFP1,123.47401106413739
C4orf46,88.28849008943345
ETFDH,137.67819439992897
PPID,72.5243698276092
FNIP2,156.84009891705523
RAPGEF2,84.32245736184484
FSTL5,138.98278899024479
NAF1,61.818426499968695
NPY1R,179.51152882936822
NPY5R,113.50639134278339
TMA16,103.24251092276384
MARCH1,110.67498415250694
FAM218A,89.45619803056235
TRIM61,57.23549183995516
KLHL2,258.80018001352613
TMEM192,107.50658665379686
MSMO1,177.22854264408988
CPE,132.91549612424438
TLL1,91.20677468630399
SPOCK3,145.8363949547228
DDX60,141.61027628550565
PALLD,164.93334594747688
DDX60L,120.55096609563515
CBR4,121.23283686187165
SH3RF1,81.14141879134098
NEK1,88.0209234600351
CLCN3,157.20964055532872
HPF1,84.27661429154955
MFAP3L,138.31086207158737
AADAT,150.62065268620586
GALNTL6,119.57948215217772
GALNT7,170.45630418223055
HMGB2,124.25222890722961
SAP30,104.29022015870868
SCRG1,75.48361773494918
FBXO8,68.67181838914021
CEP44,130.9167432517511
HPGD,87.59133252022974
GLRA3,164.43830616201663
GPM6A,158.03260375664922
WDR17,145.61106057883336
SPATA4,75.10302238506884
ASB5,109.89478956769622
SPCS3,134.49743425791934
VEGFC,87.5454719058688
AGA,94.99841728837805
TENM3,167.98529052108125
DCTD,89.74083951594821
WWC2,104.27331632520892
CDKN2AIP,147.23454377513127
ING2,81.23540905173562
RWDD4,103.84851612439078
TRAPPC11,103.65745571736795
STOX2,120.43388861017098
ENPP6,141.94016224288086
IRF2,104.72457203828367
CASP3,222.1174677941267
PRIMPOL,65.07301499689751
CENPU,108.83898308919248
ACSL1,132.67915366736233
SLC25A4,113.02659796538057
SNX25,155.7432889805952
CFAP97,122.7751973300096
LRP2BP,104.1795127176953
ANKRD37,259.54561122382444
UFSP2,61.536652283375275
C4orf47,141.76125773721395
CCDC110,90.74012847135273
PDLIM3,105.4579914668414
SORBS2,136.65643651008128
TLR3,110.97963609378445
FAM149A,50.48581606793695
CYP4V2,74.74874493565275
KLKB1,104.08356812343914
F11,42.51377438341328
FAT1,98.66887542056344
TRIML2,67.47393536504092
FRG1,119.61372545085197
PLEKHG4B,78.64310574486328
LRRC14B,70.77604241711114
CCDC127,86.0798635555823
SDHA,129.397892415921
PDCD6,131.28956609746191
AHRR,96.62399487790489
EXOC3,128.3310011236593
SLC9A3,71.45794721169176
CEP72,89.25206964078797
TPPP,164.27430110741102
ZDHHC11B,56.34324582094203
ZDHHC11,93.46495504498299
BRD9,111.13846593460218
TRIP13,98.2516843040257
NKD2,74.428828360696
SLC12A7,170.99636796494156
TERT,80.97240706274908
CLPTM1L,96.0315086737726
LPCAT1,106.80656291592157
MRPL36,114.84369419623667
NDUFS6,161.75137549013422
IRX2,99.77883671188246
C5orf38,106.2605834260271
IRX1,95.80587752754181
ICE1,96.80883644799752
MED10,90.66311710983905
UBE2QL1,140.6638760483848
NSUN2,58.57578311256708
SRD5A1,101.87372148685532
PAPD7,80.6230032597235
ADCY2,180.62726021427528
C5orf49,196.58344812468385
MTRR,94.75679624640293
FASTKD3,98.38035725574028
SEMA5A,282.8891617802967
TAS2R1,62.56967326538714
FAM173B,87.61043345637682
CCT5,160.07141128119895
CMBL,66.53646232227297
MARCH6,113.88344140470119
ROPN1L,97.62259278362401
ANKRD33B,114.85655703062372
DAP,108.67518509345831
CTNND2,153.0244854244513
DNAH5,153.26797354265653
TRIO,160.94222181460978
FAM105A,101.19284540068719
OTULIN,152.04044351694546
ANKH,107.25404944424574
FBXL7,133.2022533363054
MARCH11,134.66116839066615
ZNF622,100.29246602938065
FAM134B,136.4210087260896
MYO10,123.20454148453925
BASP1,171.16105163867405
CDH18,125.0214426863898
CDH12,88.35425373571883
CDH10,145.3566696452137
CDH9,116.10751528431805
CDH6,180.19480053995412
DROSHA,136.05783333993276
C5orf22,55.51112495103726
PDZD2,149.09400581950422
GOLPH3,88.47051684453183
MTMR12,138.30707073284148
ZFR,165.83805709545524
SUB1,124.29783138191226
NPR3,143.26839768930492
TARS,120.25587621356016
ADAMTS12,51.286885021346706
RXFP3,131.91635290528066
SLC45A2,90.23869040741474
AMACR,59.54141759042497
C1QTNF3,117.90507144640412
RAI14,123.02427929608922
TTC23L,71.67988385057438
BRIX1,118.66990781527076
RAD1,123.10234604831001
DNAJC21,101.01605674240673
PRLR,114.95991377344251
SPEF2,83.57340960461002
IL7R,147.26864932006228
CAPSL,133.30095456445937
LMBRD2,90.18348941053122
SKP2,114.3730412554219
NADK2,116.98500497822809
RANBP3L,136.98880252777104
SLC1A3,121.08249493882437
NIPBL,162.3871059722311
C5orf42,165.87321720470914
NUP155,93.57573530615255
WDR70,79.75016548296125
GDNF,101.45403411495022
EGFLAM,135.37198868929005
LIFR,170.23493821215362
OSMR,101.51636164161238
RICTOR,157.8275895777133
FYB,110.16838584349497
DAB2,80.39347520269052
PTGER4,79.83225941193402
TTC33,97.76331457320214
PRKAA1,115.53526228668957
RPL37,172.41355161232582
CARD6,136.19717481664765
C7,178.2537803299002
PLCXD3,167.0450456543698
OXCT1,123.53641997094351
C5orf51,140.7661770854169
FBXO4,73.59139500507769
GHR,92.08315633101515
CCDC152,36.85965932068558
SELENOP,102.13268207383464
ANXA2R,91.84944780170912
ZNF131,63.41312594278378
NIM1K,92.64546296346847
HMGCS1,119.75107266086454
CCL28,47.62946768371984
TMEM267,89.70657223797741
C5orf34,82.93048320682223
PAIP1,116.68556454054996
NNT,73.61104059297548
FGF10,41.831323250127696
MRPS30,98.74134133731366
HCN1,125.27642719777035
EMB,134.86573654376735
PARP8,109.81013435736111
ISL1,124.7177934445736
ITGA1,109.57638853993706
PELO,123.67967779706913
ITGA2,99.81508561966368
MOCS2,129.8836816250095
FST,64.00598219810041
NDUFS4,133.29094930749724
ARL15,109.8130583770037
HSPB3,77.41962971704876
SNX18,127.62060562129176
ESM1,73.99232853644392
GZMA,110.21467022668497
GPX8,120.75273878812482
MCIDAS,79.11884303585012
CCNO,85.42621395537566
DHX29,140.36776498029178
SKIV2L2,136.52376207065714
PLPP1,137.64445904955622
DDX4,84.22292165073256
SLC38A9,56.16590564675627
IL6ST,107.26188820055705
ANKRD55,170.56998172957418
C5orf67,61.090028637966014
MAP3K1,139.45003917322302
SETD9,97.35097192621808
MIER3,102.24641427254701
GPBP1,196.17910780538995
PLK2,108.43852060823531
GAPT,82.86207228685365
RAB3C,200.1171180146231
PDE4D,171.77859441189366
DEPDC1B,74.24166519027494
ELOVL7,141.53061382494366
ERCC8,91.96912044832823
NDUFAF2,139.58387095482576
SMIM15,109.44714685882579
ZSWIM6,163.25716333700115
KIF2A,75.33414667513404
DIMT1,78.42283719795947
IPO11,122.4219405607287
LRRC70,80.4157765456402
HTR1A,71.56022992797392
RNF180,81.26522108197926
RGS7BP,168.72953903615291
FAM159B,78.8999011646165
SREK1IP1,147.0832740176345
CWC27,199.1671091848387
ADAMTS6,103.4858939994466
CENPK,78.01545301810381
PPWD1,93.71367870910339
TRAPPC13,103.47516357396157
TRIM23,117.11320002783512
CTC-534A2.2,58.31459729535828
NLN,132.50460295878548
SGTB,114.78302966898178
ERBIN,158.28397137793226
SREK1,113.39742912002768
MAST4,108.44893522348897
CD180,80.75638154105042
PIK3R1,82.59022114734694
SLC30A5,116.6268476098069
CCNB1,82.63511875464965
CENPH,67.2990390019564
MRPS36,153.79388177695617
CDK7,121.75542230562985
CCDC125,74.03154047503097
AK6,130.31258685254477
TAF9,78.61534568819357
RAD17,47.067855501044306
MARVELD2,151.16143160845292
OCLN,135.85457093458575
GTF2H2C,72.50502817619468
SERF1B,45.199104041761444
SMN2,72.90695471647228
SERF1A,67.12389978554776
SMN1,59.45238853252954
NAIP,52.96018035086698
GTF2H2,49.356558746519426
BDP1,120.4080925527135
MCCC2,94.50955079703886
CARTPT,76.22304921132894
MAP1B,105.71623488244362
MRPS27,56.447539840504504
PTCD2,106.59217600201296
ZNF366,153.02835022887348
TNPO1,168.03457449421637
FCHO2,97.68423714498309
TMEM171,64.46268519744777
FOXD1,158.30464706451147
BTF3,190.8316312507511
ANKRA2,121.94713089544402
UTP15,51.804462445843626
ARHGEF28,68.39106603970922
HEXB,63.26654117440535
ENC1,178.7853403681516
GFM2,84.52236188156363
NSA2,61.50424927829869
FAM169A,105.05036393606633
GCNT4,80.99181653811476
ANKRD31,49.577711973301604
HMGCR,134.94151297656032
POLK,105.23276217621614
COL4A3BP,156.51661136551718
ANKDD1B,70.48105785100515
POC5,75.55428332839398
SV2C,152.25936192081883
AC113404.1,85.52590851131288
IQGAP2,126.07520684419512
F2RL2,121.30181874537621
F2R,106.32110335140538
F2RL1,164.95792316729478
S100Z,66.37387236715728
CRHBP,95.27377078102546
AGGF1,96.95035875280229
ZBED3,131.43495670330623
PDE8B,137.24753852975297
WDR41,73.29693956719743
TBCA,207.41231542602446
AP3B1,133.8932510943863
SCAMP1,151.15124111803652
LHFPL2,108.86492892611764
ARSB,55.10829367252657
BHMT2,80.20089566419142
BHMT,66.81396789156113
DMGDH,67.8673381949846
JMY,118.7789358106192
HOMER1,224.65272967666067
PAPD4,153.88202677070916
CMYA5,145.8439128114145
MTX3,103.80111567814976
THBS4,129.42374218345816
SERINC5,90.39189225722558
ZFYVE16,124.50716587244037
FAM151B,69.94866422850725
ANKRD34B,168.98569168254892
DHFR,51.72506114306415
MSH3,94.53211835419691
RASGRF2,224.66479856880636
CKMT2,215.0700159378032
ZCCHC9,67.57359437142247
SSBP2,130.59299502055157
ATG10,48.24350744174893
RPS23,107.64911829099421
ATP6AP1L,60.846663446793826
XRCC4,51.37091552856498
TMEM167A,127.73622310831345
VCAN,244.36343421149604
HAPLN1,204.78177004218935
EDIL3,188.4629086990779
COX7C,242.01998453340616
RASA1,128.2063203508613
CCNH,130.98525134393554
TMEM161B,136.35594006105808
MEF2C,142.9035186922762
CETN3,148.6124102050863
POLR3G,89.73680567677192
MBLAC2,101.96959930863821
ADGRV1,128.90196554851613
LYSMD3,74.58235769062966
ARRDC3,163.43250093184878
NR2F1,185.5978541477316
FAM172A,101.54365427765825
KIAA0825,106.61698319587711
SLF1,74.02353752276744
MCTP1,280.01912322516233
FAM81B,143.077495952267
TTC37,76.48518849110286
ARSK,71.63223382556998
GPR150,71.31600314850436
RFESD,73.75058102654489
SPATA9,67.00537358401536
RHOBTB3,142.24192390270593
GLRX,73.80181739730628
ELL2,116.05296874178288
PCSK1,124.97566685243885
CAST,50.83003048989369
ERAP1,72.28564138410434
ERAP2,70.61470796991088
LNPEP,112.13303853202112
LIX1,162.60171335444215
RIOK2,93.78671348195098
RGMB,83.91072542739283
CHD1,123.73797662195429
FAM174A,109.65506366446772
ST8SIA4,108.62554217515705
PAM,147.50694076118225
GIN1,73.4410087753538
PPIP5K2,124.5524867516055
C5orf30,123.54495047491696
NUDT12,60.02674019203934
EFNA5,119.88086027042124
FBXL17,102.10912214445415
FER,86.8061672698415
PJA2,109.85009424701022
MAN2A1,110.70706685394484
SLC25A46,172.25769958708787
TMEM232,80.23622923484922
TSLP,64.74081046756785
WDR36,86.25015141727991
CAMK4,233.49813150581235
STARD4,158.02505337422286
NREP,173.62892803557878
EPB41L4A,112.55697109969176
APC,137.0473390580772
SRP19,117.66655520447853
ZRSR1,69.02148511029415
REEP5,183.3601483099526
DCP2,79.03256755124181
MCC,95.90928036197076
YTHDC2,149.42550830118478
KCNN2,111.91784635637072
TRIM36,207.3979258825343
PGGT1B,79.82998902258092
CCDC112,79.50178646907023
FEM1C,126.30648106827988
TICAM2,104.7389280252859
TMED7,147.15401330088815
CDO1,129.68979385548596
ATG12,91.863414948739
AP3S1,154.2964874308388
LVRN,66.4791546012485
COMMD10,67.70872019447884
SEMA6A,90.9934710857267
DTWD2,77.30209751224055
DMXL1,171.17070976298317
TNFAIP8,80.81607247234157
HSD17B4,127.16332654503188
PRR16,84.13863606618071
SRFBP1,69.90520013752175
LOX,93.80337396525778
ZNF474,65.94890977469589
SNCAIP,102.57493042297787
SNX2,161.9061099006467
SNX24,66.24181235881454
PPIC,104.58668982418573
PRDM6,82.82804629392572
CEP120,124.76836895198412
CSNK1G3,113.02831149006238
ZNF608,109.56419077934709
GRAMD3,148.1987921626192
ALDH7A1,108.69135356923462
PHAX,138.61037125627007
LMNB1,115.88390114176013
MARCH3,106.65991412580215
C5orf63,41.4082254239747
MEGF10,135.87042219529874
PRRC1,115.13606475141628
CTXN3,105.794631848248
CCDC192,80.61573855759676
SLC12A2,123.90718460099669
FBN2,102.17412973270945
SLC27A6,105.5855180148132
ISOC1,80.81198046902705
ADAMTS19,110.0756635473708
CHSY3,146.88203065245915
LYRM7,134.7378628766066
HINT1,204.20999169495076
CDC42SE2,158.27671514421888
RAPGEF6,141.29489495199073
FNIP1,139.48535387377888
MEIKIN,74.24184282960547
ACSL6,96.80456628530877
PDLIM4,67.64195614102721
SLC22A4,72.6936178006469
P4HA2,65.63616500335979
SLC22A5,86.44711882672658
C5orf56,110.70106391067364
IRF1,185.4377833977281
RAD50,113.56074268073164
IL13,63.07173231745816
KIF3A,130.15745632742838
CCNI2,87.24779212464733
SEPT8,104.22802519698647
SOWAHA,136.17682145272883
SHROOM1,154.90794030690415
GDF9,120.4966036669465
UQCRQ,283.64966138908187
LEAP2,87.90410547027358
AFF4,135.36786799550123
ZCCHC10,99.62904561551858
HSPA4,100.66258356978173
FSTL4,142.58062966070312
C5orf15,124.943941743565
VDAC1,166.3048016210298
TCF7,175.12813418235376
SKP1,234.12018356331885
PPP2CA,153.63332919022275
CDKL3,83.72365544624563
UBE2B,249.96482607831035
CDKN2AIPNL,118.24340128618758
JADE2,144.28631411713855
SAR1B,165.83372104158954
SEC24A,112.6639574263395
CAMLG,72.09101522372075
DDX46,106.27093416265194
C5orf24,136.85218900944702
TXNDC15,98.8398243456349
PCBD2,108.50613129151466
CATSPER3,58.12773985307342
PITX1,65.38481622460424
H2AFY,139.26118562783162
CXCL14,114.83721908134657
RP11-119J18.1,58.27091499769517
SLC25A48,168.47300344171288
LECT2,78.92380418437966
TGFBI,134.63973020971338
SMAD5,109.80281844995653
AC009014.3,209.47564305315834
TRPC7,142.36452628066584
SPOCK1,122.02968454283683
KLHL3,155.54781933319484
HNRNPA0,158.13591336625572
MYOT,118.51144533233924
PKD2L2,62.62888779813997
FAM13B,171.27694210993587
WNT8A,133.19444024201493
NME5,131.1141112658426
BRD8,150.05035893475699
CDC23,56.015834138175904
GFRA3,121.66053253796221
FAM53C,179.85462846254907
CDC25C,72.16851746527323
KDM3B,140.33652135378622
REEP2,129.80069403520875
EGR1,164.3398674001877
ETF1,102.51103403810825
HSPA9,165.34963324781967
CTNNA1,144.3733923904626
LRRTM2,144.39831286181487
SIL1,133.3271812707449
MATR3,87.13079899732571
PAIP2,198.04884422988385
SLC23A1,69.51975482450723
MZB1,53.01789236772731
PROB1,135.85588112680279
SPATA24,79.55058567090947
DNAJC18,86.6669773361495
ECSCR,105.55022153366622
TMEM173,110.00434326919128
UBE2D2,171.83595961213564
CXXC5,184.25878084497998
PSD2,112.86444038577667
NRG2,109.81371803410681
PURA,232.54963393686938
IGIP,97.42913971437801
CYSTM1,127.06862366734447
PFDN1,167.3251425056187
HBEGF,138.82756351651864
SLC4A9,126.76415325422826
ANKHD1,159.7652203912276
EIF4EBP3,136.9353835211362
SRA1,133.55092491364397
APBB3,88.05373050450024
SLC35A4,128.2495705616113
CD14,98.01561526776194
TMCO6,64.8247682802378
IK,148.13030968936636
NDUFA2,208.3206449489897
WDR55,134.77140758814795
HARS,135.70243401698968
HARS2,92.27505861062988
ZMAT2,193.88910359293124
PCDHA1,64.42582171222998
PCDHA2,60.884070875537475
PCDHA3,73.81534003187565
PCDHA4,73.03834691706305
PCDHA5,77.12343698220806
PCDHA6,51.7696634315638
PCDHA7,74.52566967248279
PCDHA8,60.511655118065676
PCDHA10,72.97317729591097
PCDHA11,79.57744896582074
PCDHA12,43.838910643341336
PCDHA13,61.72740624236738
PCDHAC1,101.02161328335194
PCDHAC2,114.53059959997219
PCDHB1,125.92960607777329
PCDHB2,80.14765896884427
PCDHB3,50.695436784849505
PCDHB4,78.96486755787947
PCDHB5,111.05279500603936
PCDHB6,71.86877605757505
PCDHB7,76.51314085993982
PCDHB8,64.77456456824982
PCDHB16,95.20427037591668
PCDHB9,67.8326959653221
PCDHB10,56.475296723191775
PCDHB11,80.12419244655953
PCDHB12,87.07501052442856
PCDHB13,125.19618141129982
PCDHB14,113.69767928187406
PCDHB15,71.84953711357034
SLC25A2,48.22097212494191
TAF7,133.16313840099576
PCDHGA1,84.06558743299024
PCDHGA2,55.06115294045787
PCDHGA3,44.634704139958984
PCDHGB1,82.87800062591592
PCDHGA4,55.695059970480145
PCDHGB2,51.804150465816974
PCDHGA5,87.99997482172387
PCDHGB3,86.97216228880794
PCDHGA6,75.42025825749772
PCDHGA7,56.51165320090203
PCDHGB4,76.50894590168713
PCDHGA8,54.30605024647048
PCDHGB5,96.3494454002934
PCDHGA9,61.875558930003166
PCDHGB6,99.81006511621754
PCDHGA10,83.19532845220081
PCDHGB7,103.53233536111347
PCDHGA11,80.53153702945534
PCDHGA12,101.75761034579062
PCDHGC3,141.37249135297873
PCDHGC4,149.08309861678413
PCDHGC5,124.2294941057072
DIAPH1,150.51928175838657
HDAC3,100.68941583664045
RELL2,102.23859458168349
FCHSD1,168.22287387001109
ARAP3,239.27677506040914
PCDH1,138.1816648766073
KIAA0141,123.63847926231367
RNF14,96.77453230529784
PCDH12,95.48122283020965
GNPDA1,115.21058871035251
NDFIP1,92.63964473466689
SPRY4,183.20863568039297
FGF1,123.90794199956574
ARHGAP26,175.82211601478525
NR3C1,201.9532812620331
YIPF5,129.7094515860821
KCTD16,239.60614187833676
PRELID2,50.51278994344702
SH3RF2,342.25666011077874
PLAC8L1,101.27636766372484
LARS,72.5294257702765
RBM27,55.86915367792068
TCERG1,138.2985121608806
GPR151,41.44683385700699
PPP2R2B,119.73182356473015
STK32A,156.65182929971206
DPYSL3,168.62196160857306
JAKMIP2,229.86421591870175
SPINK1,114.60629998678098
SPINK5,129.0805705253336
SPINK9,75.59830254136429
FBXO38,84.44721585024732
HTR4,172.1935175154622
ADRB2,85.53716932255094
SH3TC2,102.32854117332906
ABLIM3,125.4150839259398
AFAP1L1,163.86577315486667
GRPEL2,150.54092660150175
PCYOX1L,76.48031944277963
CSNK1A1,154.66193392074803
ARHGEF37,82.27160552850461
PPARGC1B,180.45792898112506
SLC26A2,126.1243945399236
TIGD6,42.75856256473986
HMGXB3,76.77896253138141
CSF1R,200.32865089031554
PDGFRB,192.94335578904054
CDX1,50.76312588927996
SLC6A7,113.56484725848398
CAMK2A,184.54400096606605
ARSI,72.0112780783362
TCOF1,129.89200616295136
CD74,140.47125167714313
RPS14,150.64933947259283
NDST1,139.8850670319731
SYNPO,222.93227046581586
MYOZ3,140.11323678346483
RBM22,112.30171634301058
DCTN4,160.19062827278947
SMIM3,201.93620430361196
ZNF300,95.04373982482124
GPX3,163.33497886091516
TNIP1,100.76673093280337
ANXA6,159.31296394673655
GM2A,83.67614974717253
CCDC69,127.35241660512654
SLC36A1,123.93189138168404
FAT2,77.27062206926885
SPARC,221.74149866470486
ATOX1,120.68010398927876
G3BP1,135.65262805443808
GLRA1,60.680479599954225
NMUR2,67.23209931870434
GRIA1,107.57011063313601
FAM114A2,75.39014588528693
MFAP3,89.93489717035371
GALNT10,179.4933458616028
SAP30L,124.13683283517705
LARP1,149.09152547153084
CNOT8,163.44960293446476
FAXDC2,204.11329245172516
GEMIN5,99.93970164892573
MRPL22,100.72413977004388
SGCD,96.82825179411807
TIMD4,66.24534330470254
HAVCR1,56.79015499446683
HAVCR2,154.02535468280246
MED7,72.55112280759141
ITK,108.97675563675932
CYFIP2,148.98666099861308
FNDC9,238.24153829945374
NIPAL4,161.84429704558346
ADAM19,118.44737887868928
THG1L,80.21977538814636
LSM11,105.47937317764163
CLINT1,141.4093968802516
EBF1,143.0972818605043
RNF145,90.38829619568446
UBLCP1,80.1746203433064
ADRA1B,142.81347410809929
TTC1,134.84149704423612
PWWP2A,81.854384251646
FABP6,110.24347312935859
CCNJL,109.83138869561586
C1QTNF2,101.98643000252994
ZBED8,73.11386812447617
SLU7,110.33236735659696
PTTG1,82.19347578065441
ATP10B,101.2669304541875
GABRA6,67.48105034455176
GABRB2,272.89562503991357
GABRA1,244.94542006615796
GABRG2,254.40504798130385
CCNG1,116.84838674131828
NUDCD2,88.58172649150612
HMMR,87.3578376814672
MAT2B,195.1641258596504
TENM2,103.19859328024529
WWC1,127.45885711891458
RARS,117.25558756458955
FBLL1,87.80291979218546
PANK3,171.51772404645442
SLIT3,139.17072496723006
SPDL1,159.1651673700993
DOCK2,116.15391560993842
FAM196B,64.77171765898356
C5orf58,58.91915964690776
LCP2,168.83474953148774
KCNIP1,99.94484407914152
KCNMB1,106.38003053787537
RANBP17,55.386771935827085
NPM1,181.51878324632855
FGF18,85.24204736531706
FBXW11,139.01551099078057
STK10,120.65822238558229
UBTD2,189.37914518104668
SH3PXD2B,96.70091873649466
NEURL1B,135.99708803622053
DUSP1,198.45358712910894
ERGIC1,155.34118496996336
RPL26L1,145.82784139296905
ATP6V0E1,132.27927872883348
CREBRF,117.12780830725137
BNIP1,70.03429371146382
STC2,145.58437347467748
BOD1,100.41141185179688
CPEB4,174.5735683510656
C5orf47,59.430391190171264
HMP19,136.72211202297535
MSX2,70.25247334351695
DRD1,156.4511756480875
SFXN1,85.19779522619291
HRH2,157.84238505931998
CPLX2,207.41538421709163
THOC3,72.82669740279991
FAM153B,155.27889170017914
SIMC1,103.56619591600992
KIAA1191,159.16720558715016
ARL10,84.55868873280264
NOP16,53.30423539834089
HIGD2A,184.42652144364382
CLTB,146.4593273083459
FAF2,72.13706918238864
RNF44,126.61610865174907
CDHR2,64.27180531889809
GPRIN1,102.99013724146087
SNCB,150.8601197109565
EIF4E1B,75.06967208698137
TSPAN17,122.21462205818813
UNC5A,168.36908382374804
HK3,145.3215367212731
UIMC1,79.86047733134993
ZNF346,109.48374757334102
FGFR4,61.46884545067874
NSD1,146.48309774118758
RAB24,120.7691705505278
PRELID1,186.5770275329943
MXD3,70.74898920180934
LMAN2,97.44300683894636
RGS14,166.02508748535757
GRK6,108.07198518698408
F12,169.7102740858307
PRR7,305.21992373719706
DBN1,142.0657119579816
PDLIM7,120.37690314368584
DOK3,117.69795528297362
DDX41,185.28993382293163
FAM193B,209.71599878594753
TMED9,97.24821494678383
B4GALT7,56.49130441895298
FAM153A,81.80908084334882
FAM153C,60.07547302499387
N4BP3,101.56185462821531
RMND5B,178.38259443740304
NHP2,128.33107993199238
HNRNPAB,105.91250407497924
PHYKPL,65.93116369826362
COL23A1,60.68582200176559
CLK4,122.12102645165658
ZNF354A,124.35628008178031
ZNF354B,79.71927601697664
ZFP2,85.02880885869291
ZNF454,70.03204014012962
GRM6,62.843631049557416
ZNF879,78.23714174600605
ZNF354C,107.96513693759493
ADAMTS2,86.35683594260061
RUFY1,86.32236501075528
HNRNPH1,213.31866770339036
CBY3,70.09214453686982
CANX,140.71422892334482
MAML1,133.6286008406341
SQSTM1,124.4551978931124
MGAT4B,113.98511751025714
MRNIP,111.57688236727915
TBC1D9B,62.251980309012254
RNF130,142.5670057270119
RASGEF1C,102.73345435050524
MAPK9,119.38769807267764
GFPT2,96.02186124193537
CNOT6,126.40925821417838
SCGB3A1,85.11732796751582
FLT4,84.9193601749408
MGAT1,128.16231937838285
ZFP62,85.09775802824467
BTNL8,66.4658505181819
BTNL9,202.1407620456432
TRIM7,106.94713721727405
TRIM41,196.72516771530087
RACK1,242.46495406038252
TRIM52,155.63848736851605
DUSP22,103.96451543171969
IRF4,41.082115055276546
HUS1B,53.74312619852344
EXOC2,76.95660342707168
FOXQ1,167.43246895472225
FOXF2,188.75794523747936
FOXC1,200.90939564185555
GMDS,58.77314880602353
MYLK4,59.44514707989268
WRNIP1,76.19731789042905
SERPINB1,85.305591851629
SERPINB9,111.67605896624684
SERPINB6,92.08349678712338
NQO2,47.57692021946778
RIPK1,109.64034971533252
BPHL,53.23678909443089
TUBB2A,104.51038367732718
TUBB2B,171.50325268997307
PSMG4,125.88169181922086
SLC22A23,152.40297996990404
PXDC1,114.77533263066672
FAM50B,121.77956599472404
PRPF4B,91.55248185626095
C6orf201,71.76888122961236
ECI2,87.65617606558374
CDYL,98.55876407225256
RPP40,162.0875752992565
PPP1R3G,131.21237828784245
LYRM4,68.39325056360002
FARS2,91.7394686283821
NRN1,81.825728114768
F13A1,134.3248069905537
LY86,150.5138915442866
RREB1,127.14089172715813
SSR1,51.680633992530545
RIOK1,92.60181233414193
DSP,74.6778498754829
SNRNP48,89.23517292117734
BMP6,107.82874523315255
TXNDC5,125.13973705135243
BLOC1S5,59.77888402536897
EEF1E1,113.19947440444193
SLC35B3,91.23867272558383
TFAP2A,70.21508281776451
GCNT2,124.26230175560195
C6orf52,78.00283959797895
PAK1IP1,76.35660152245583
TMEM14C,104.81432039127716
TMEM14B,118.7301851917166
MAK,153.59698294975044
SYCP2L,70.99479130317854
ELOVL2,126.06140034389975
SMIM13,111.22644377301773
NEDD9,189.18821540196905
TMEM170B,130.73479282189243
HIVEP1,127.2163410746073
EDN1,98.23087605091177
PHACTR1,184.38227166212027
TBC1D7,94.16073407186005
GFOD1,97.87788870345508
SIRT5,74.40046511427235
NOL7,107.40106299901194
RANBP9,121.8899559287421
MCUR1,71.10306615093171
RNF182,102.59761724081005
CD83,133.85368124810165
JARID2,61.681451076436616
DTNBP1,135.60258626770366
MYLIP,163.51224473629262
GMPR,178.45827255577393
ATXN1,169.20124290995574
STMND1,58.39308982524264
RBM24,102.32316162176605
CAP2,197.1052783413842
FAM8A1,128.36342075388626
NUP153,103.0970341143414
KIF13A,139.61983199946252
NHLRC1,75.54375654162709
TPMT,89.46976404102486
KDM1B,73.05681081526578
DEK,95.19528659657911
RNF144B,72.93774352511821
ID4,183.9318525816542
MBOAT1,77.34610868740441
E2F3,168.3277980705612
CDKAL1,56.588206929445164
SOX4,199.87314568319778
PRL,78.11267679276725
NRSN1,107.42590989294158
DCDC2,115.84952301857729
MRS2,71.38890399715143
GPLD1,134.07298610721062
ALDH5A1,130.41206063715677
KIAA0319,103.36992153975268
TDP2,61.75718998086299
ACOT13,136.26426519630337
C6orf62,162.07109836618724
GMNN,119.4685393256957
FAM65B,184.23393003143133
CARMIL1,95.13777926095258
TRIM38,132.67269033411114
HIST1H1C,85.01963527332981
HFE,71.74300086309071
HIST1H4C,47.65798384505263
HIST1H2BC,72.70472572150939
HIST1H2AC,128.1126635349504
HIST1H1E,84.06638998856849
HIST1H2BD,146.9669022250155
HIST1H2BE,71.66334916484499
HIST1H3D,52.58319950597979
HIST1H2AD,92.30481861941081
HIST1H2BF,81.25517232027477
HIST1H4E,139.7309593564307
HIST1H2BG,113.57053669002528
HIST1H2AE,120.08540396106389
HIST1H3E,55.84773947901317
HIST1H2BH,77.35811986399762
HIST1H4H,78.30189593252024
BTN3A2,79.14340042712661
BTN2A2,84.03104868506838
BTN3A1,131.3234804884316
BTN3A3,132.06961788287822
BTN2A1,146.79277505711246
HMGN4,143.98694294784735
ABT1,90.27167329541467
ZNF322,94.77202686536026
HIST1H2BJ,81.96100462796446
HIST1H2AG,86.75390672755452
HIST1H4I,61.81228681924674
HIST1H2BK,121.77122068516528
ZNF391,102.35844541948114
ZNF184,106.4010467656486
HIST1H3H,63.01425686105671
HIST1H2BN,82.70023529104881
ZNF165,61.88915246913098
ZSCAN16,69.25626311433132
ZKSCAN8,109.87341828372465
ZSCAN9,47.34624647220582
ZKSCAN4,75.43103177618826
NKAPL,111.69714702312461
ZSCAN26,85.09079951097914
PGBD1,137.14281861286972
ZKSCAN3,72.7461993402107
ZSCAN31,94.54171022695184
ZSCAN12,65.91098333618365
ZSCAN23,68.56850399588535
ZBED9,96.61983893779944
TRIM27,108.35757410264458
ZNF311,58.05029619581799
OR2H2,129.76649161144567
GABBR1,208.79256574102834
MOG,208.82264851508705
ZFP57,124.6382694555787
HLA-F,143.62666865451274
HLA-G,53.605005399282106
HLA-A,146.10174023577414
ZNRD1,78.0934673433834
PPP1R11,145.72383858468083
RNF39,73.73958418313484
TRIM26,106.97992571573297
TRIM39,86.83928152507244
RPP21,169.2036877863804
HLA-E,170.57354845556267
GNL1,118.20470153466246
PRR3,135.37300838579307
ABCF1,131.34192218395697
MRPS18B,147.94088873760305
PPP1R10,200.48010474584765
ATAT1,99.33674722506919
C6orf136,88.13653180607486
DHX16,104.01898735034516
PPP1R18,154.30010528550423
NRM,81.55744147825547
MDC1,101.70813833356556
TUBB,130.9888814029349
FLOT1,88.20703199551008
IER3,102.05760484829699
DDR1,214.18492794544437
GTF2H4,130.60385137625525
VARS2,65.76702887481227
SFTA2,60.7353625511837
MUC21,136.71441180066174
PSORS1C1,48.73707462541637
PSORS1C2,47.917604983361144
CCHCR1,114.66698685692197
TCF19,91.30941895007365
POU5F1,60.01967224888989
HLA-C,120.5430528569548
HLA-B,164.19202852033106
MICA,94.60025403212043
MICB,78.8709845199121
DDX39B,155.5320902774938
ATP6V1G2,119.70302726604748
NFKBIL1,91.10139993203182
LTA,85.28239543402586
TNF,84.4194948932685
LTB,75.64443550745693
LST1,87.48884266608204
NCR3,59.34711569018555
AIF1,133.94620858944657
PRRC2A,186.42041978933833
BAG6,81.34058334032082
APOM,55.53106973632623
C6orf47,73.49146590070231
CSNK2B,103.04438007477586
GPANK1,152.02844935956819
LY6G5B,137.9241308326111
LY6G5C,100.30350805187834
ABHD16A,133.64905618818517
LY6G6D,56.03620660252807
LY6G6C,67.76630021907326
MPIG6B,78.22291187875044
DDAH2,121.4909292212131
CLIC1,177.81036553041088
MSH5,159.97601356860002
SAPCD1,82.05907849733913
VWA7,151.05096624860153
VARS,200.78750121002776
LSM2,141.01968938419284
HSPA1L,112.68297210695403
HSPA1A,172.8601202570646
HSPA1B,150.91698026087934
C6orf48,130.59385961286284
NEU1,75.65545662231449
SLC44A4,57.008571579666125
EHMT2,120.94138337952165
C2,79.93494781774552
ZBTB12,70.63995920659801
CFB,112.45185363256692
NELFE,87.8716775016535
SKIV2L,122.98668140174789
STK19,96.50908430455416
DXO,106.9321512503401
C4A,70.03693839993787
C4B,184.78707864978605
CYP21A2,94.62321227661795
TNXB,143.91448325564534
ATF6B,73.10640444558939
FKBPL,87.59274888308366
PRRT1,209.17316854208485
PPT2,96.56233224596664
EGFL8,117.4509848190794
AGPAT1,182.3132859785348
RNF5,94.12990645230454
AGER,160.70441391244418
PBX2,140.1580943421733
GPSM3,144.94344224412447
NOTCH4,115.18235758570285
BTNL2,37.818318817611186
HLA-DRA,122.37730430704826
HLA-DRB5,55.56097389208969
HLA-DRB1,61.77927471381051
HLA-DQA1,90.24185218870724
HLA-DQB1,50.10678231609057
HLA-DQA2,54.90962093733057
HLA-DQB2,47.549873875853365
HLA-DOB,39.80580272462976
TAP2,101.59317594802354
PSMB8,170.75378840267993
TAP1,184.693227751556
PSMB9,164.47941774674024
HLA-DMB,117.52658754554193
BRD2,117.99556865525898
HLA-DMA,86.89736128632904
HLA-DOA,73.53844688903507
HLA-DPA1,100.65428933724453
HLA-DPB1,78.82137185378826
COL11A2,73.16685390306375
RXRB,154.7507931597727
SLC39A7,181.28497134796777
HSD17B8,88.6183380190605
RING1,155.97148591317438
VPS52,93.84446483797979
RPS18,134.61119996941912
B3GALT4,91.38476639783227
WDR46,82.02707094971504
PFDN6,199.8898044654233
RGL2,129.64682231007194
TAPBP,154.1946808468131
ZBTB22,119.69203344155764
DAXX,149.83914581922608
KIFC1,81.97889525358818
PHF1,179.58404839180042
CUTA,108.2197535537729
SYNGAP1,165.47570599380816
BAK1,75.5947063467896
ITPR3,173.42927338995548
UQCC2,215.32453756281063
IP6K3,200.77775046813284
LEMD2,158.30151702608362
GRM4,124.43536523606326
HMGA1,136.56296094139682
C6orf1,213.08076998276846
NUDT3,144.8702463192731
RPS10,280.19722424353125
PACSIN1,271.1801954216365
SPDEF,65.04369598092137
C6orf106,138.00810028388577
SNRPC,78.94372766142484
UHRF1BP1,61.20800787854671
TAF11,133.45813999981695
ANKS1A,96.64514338995684
TCP11,63.54063854820288
SCUBE3,50.44899705085476
ZNF76,97.28612147179399
DEF6,60.02231733773897
PPARD,149.84526877759575
FANCE,64.41369878007075
RPL10A,166.21876985929734
TEAD3,104.41579212710073
TULP1,55.74063324857872
FKBP5,195.51761958061567
ARMC12,89.54330854404782
CLPS,110.68147015626081
LHFPL5,75.71745992945083
SRPK1,81.73234057983012
SLC26A8,65.93065797160568
MAPK14,71.2611847048531
MAPK13,77.42457689126272
BRPF3,105.16457989035644
ETV7,105.79690802709399
PXT1,57.387535574549844
KCTD20,123.29970953988081
STK38,127.51110786949988
SRSF3,155.02714536965271
CDKN1A,152.534689791183
CPNE5,197.6127045075661
C6orf89,119.18443956509654
PPIL1,98.63321985097227
PI16,91.02739452116967
MTCH1,80.41490471860229
FGD2,112.22950835096083
PIM1,163.59430442068881
TMEM217,80.66359939305664
TBC1D22B,95.62569413236491
RNF8,90.30551831308182
CMTR1,166.01211859772133
CCDC167,70.2956969097257
MDGA1,217.5785909041516
ZFAND3,110.8471063600357
BTBD9,119.57628784597088
GLO1,68.7432167223312
GLP1R,217.3357512834018
SAYSD1,56.13693879619146
KCNK5,90.20501129614954
KCNK17,145.9251956716493
KIF6,100.77073360879413
DAAM2,158.8819583474043
MOCS1,96.06772464919453
LRFN2,93.70313522702057
UNC5CL,99.35058112544334
APOBEC2,65.11933125193886
NFYA,117.61229107670576
OARD1,127.17226666134005
TREML1,76.44479640893056
TREM2,155.40935991375235
TREM1,112.38601297742133
FOXP4,172.98580973008063
MDFI,91.2227395247204
TFEB,105.54286311462414
PGC,95.21737028205163
FRS3,67.21537317941045
PRICKLE4,64.21337370267801
RP11-298J23.10,118.51745667986097
TOMM6,111.17209470498793
USP49,105.42763998996017
MED20,81.63503527196505
BYSL,170.83737956730775
CCND3,136.25797531651278
TAF8,112.95574931229811
C6orf132,74.97930690230965
GUCA1A,127.13270438726738
GUCA1B,128.73555465194164
MRPS10,110.02327985821833
TRERF1,129.40081500337305
UBR2,122.35092160740743
PRPH2,44.09069734127894
TBCC,85.82907032754639
GLTSCR1L,94.3564004203937
RPL7L1,104.46437329806207
C6orf226,104.48862761664827
CNPY3,125.29887158685287
GNMT,74.39463923561328
PEX6,74.40320562674015
PPP2R5D,108.84984609578075
MEA1,63.57445590501396
KLHDC3,207.86979176762327
RRP36,78.71087646854565
KLC4,92.54025468007137
CUL7,69.40998496025551
MRPL2,146.9721428178554
PTK7,111.02489906816473
SRF,165.90632979443558
CUL9,54.18819860472192
DNPH1,110.48480871289911
TTBK1,160.18633626375026
SLC22A7,76.93950422962516
CRIP3,61.07931157599475
ZNF318,139.8358041810544
ABCC10,179.42225497636815
DLK2,81.12374706699347
TJAP1,125.78998896732634
LRRC73,159.63541174581866
YIPF3,121.52899868978517
POLR1C,93.85826312714744
XPO5,138.03897589478623
POLH,64.3434591401232
GTPBP2,136.3415740823437
MAD2L1BP,88.63275960872949
RSPH9,83.08197866052703
MRPS18A,103.9171809421538
VEGFA,202.69300935752852
C6orf223,60.83513853219432
TMEM63B,72.22754530341973
MRPL14,162.71979389616587
CAPN11,89.02417436215563
SLC29A1,142.6067967288878
HSP90AB1,251.2124004597506
SLC35B2,149.00234599235102
NFKBIE,117.23310779165087
TMEM151B,168.16931216613057
TCTE1,90.98939428175146
AARS2,83.94946464823633
SPATS1,95.26604447738845
CDC5L,101.13477120018385
RUNX2,77.74743500381825
SUPT3H,71.31236318717848
CLIC5,155.0843830976363
ENPP4,140.24027258827863
ENPP5,76.99479670179309
RCAN2,103.95707660688021
CYP39A1,79.0538372904405
SLC25A27,58.89345155456897
TDRD6,45.26104435636722
PLA2G7,70.38618691208958
ANKRD66,131.01194389182638
MEP1A,77.97997811196302
ADGRF5,185.5132418573399
TNFRSF21,98.68710705043637
CD2AP,131.8451383219932
PTCHD4,69.87618899834396
MUT,82.79802866246996
CENPQ,41.20839814386861
C6orf141,265.6181540367932
CRISP2,59.36984130456807
CRISP3,100.88266848204961
MCM3,100.14609000879736
PAQR8,143.9265248277848
EFHC1,78.73992509389856
TRAM2,119.49977156696093
TMEM14A,127.21033894795778
GSTA4,141.65300345431925
FBXO9,152.15436685094016
ICK,79.77696225348322
ELOVL5,137.02923727071254
GCLC,157.4225740555642
KLHL31,88.66418883262872
LRRC1,89.78719741039441
MLIP,68.06974496789479
HCRTR2,74.87488496608498
HMGCLL1,97.96658851740912
COL21A1,109.65806982115964
DST,244.33980263206314
BEND6,65.51944091844021
KIAA1586,58.22386615553128
ZNF451,154.5782639144392
BAG2,114.50725100441156
RAB23,59.90542456547473
PRIM2,70.48810677922245
KHDRBS2,164.54832652036026
FKBP1C,68.17451820412921
PTP4A1,133.80187179486867
PHF3,172.13131479663713
ADGRB3,183.6946237171818
LMBRD1,153.1823088774272
COL19A1,203.4646392769743
COL9A1,196.4671435683616
FAM135A,107.10237821861156
SDHAF4,90.97198250513551
SMAP1,79.19928983565268
B3GAT2,153.26442169624818
OGFRL1,265.9324552554448
RIMS1,148.8771390124957
KCNQ5,200.2181814473076
KHDC1L,99.01094013217673
KHDC1,102.21870921791347
KHDC3L,93.70445711331206
DDX43,75.00005088733067
MB21D1,87.91129224500926
MTO1,83.79563770774573
EEF1A1,169.0703703093333
SLC17A5,116.8221498500107
CD109,141.00008314966928
COL12A1,98.26518137168904
COX7A2,286.4120120697905
TMEM30A,121.86783924953662
FILIP1,128.76024604748716
SENP6,130.87918376563113
MYO6,108.89587263662321
IMPG1,118.56861063000056
HTR1B,127.8031859803568
MEI4,70.38475125889155
IRAK1BP1,92.25693977710924
PHIP,205.240132824073
HMGN3,191.67927968270783
LCA5,119.27026164946838
SH3BGRL2,149.2812267587786
ELOVL4,120.71972417671861
TTK,74.95714004656486
BCKDHB,85.20059948018357
FAM46A,131.056954135323
IBTK,103.17662888242285
TPBG,150.6655964885009
UBE3D,84.35368530597609
DOPEY1,161.4012301030948
RWDD2A,158.4001681449493
PGM3,88.78287934211036
ME1,106.25447213077683
PRSS35,141.08462625261768
SNAP91,175.4637340854227
RIPPLY2,127.79722118363264
CYB5R4,120.00851587842976
MRAP2,111.19877613153605
CEP162,76.3613943269198
TBX18,203.3473202594921
NT5E,90.44954811207185
SNX14,116.09347491582679
SYNCRIP,146.5503827142374
HTR1E,132.05462314445663
CGA,75.62629733812273
ZNF292,198.7869552333667
SMIM8,59.414328783285754
C6orf163,91.81445758613535
CFAP206,110.333557429503
SLC35A1,95.98173186013443
RARS2,98.81185178441802
ORC3,166.95683353389666
AKIRIN2,193.67375295408374
CNR1,133.3040215804155
RNGTT,98.33234683488021
PNRC1,151.4801468113835
SRSF12,66.33739964600417
PM20D2,103.69902020396279
GABRR2,78.85731188310314
UBE2J1,120.2037264223475
RRAGD,110.25118515197758
ANKRD6,104.1076826786749
LYRM2,92.52280307957798
MDN1,144.30196934612843
CASP8AP2,135.94084584531834
BACH2,125.11181229237002
MAP3K7,141.5843366984546
EPHA7,110.62866643983571
MANEA,64.66983364209048
FUT9,129.10514342074774
UFL1,136.27258195129224
FHL5,217.4752752100083
GPR63,121.33075420561963
NDUFAF4,128.29520608855597
KLHL32,44.48089530552974
MMS22L,104.68974297622128
POU3F2,105.23135582198196
FBXL4,107.72944522353913
FAXC,185.312168944035
COQ3,82.34984459939139
PNISR,157.398609160145
TSTD3,54.09624517974771
USP45,80.25818248629557
CCNC,125.85345085785866
MCHR2,61.022511011548204
ASCC3,121.21801588902542
GRIK2,106.43336714786076
HACE1,80.38470277326951
LIN28B,75.41111588833004
BVES,133.10399098834495
POPDC3,58.677859280687244
PREP,94.14223061221657
PRDM1,130.94409641301152
ATG5,73.10499248717446
AIM1,59.48546712596519
RTN4IP1,117.57448368167053
QRSL1,98.06555995272328
CD24,102.8291215032335
C6orf203,56.078123999523996
BEND3,76.66905294316405
PDSS2,86.63650678148807
SOBP,158.7575243129022
SCML4,60.19231103625708
SEC63,143.21635348363512
OSTM1,90.01908187948791
NR2E1,125.14729693441933
SNX3,103.23727511100785
LACE1,100.00550397413392
FOXO3,89.10605746007693
ARMC2,98.07586809778374
SESN1,113.33754366751663
CEP57L1,64.7950669012798
CD164,93.89394972616884
PPIL6,78.52182033789941
SMPD2,83.82855943849793
MICAL1,150.6765785364386
ZBTB24,61.255842878115345
AK9,71.25178666252563
FIG4,216.0279947271432
GPR6,133.6860481938307
WASF1,162.31068047454633
CDC40,65.9673258953375
METTL24,88.22246403318783
DDO,114.56589168602136
CDK19,134.5538675424927
AMD1,143.9258360327703
GTF3C6,101.25612215350228
RPF2,79.67433480223781
SLC16A10,126.05140559527314
MFSD4B,125.49859482806013
REV3L,184.09940603427327
TRAF3IP2,112.1725768980788
FYN,150.4996732150405
WISP3,105.01363609778215
TUBE1,106.07102559954217
FAM229B,129.4889859615664
LAMA4,93.31241392009588
MARCKS,172.04755465737446
HDAC2,140.25725357542075
HS3ST5,161.85154246009927
FRK,94.38682264458458
NT5DC1,63.81071472029049
COL10A1,109.96750027730906
TSPYL4,216.6159449560261
DSE,177.68196527598033
TSPYL1,202.86325670998764
FAM26F,76.82709880155414
FAM26E,117.44305589755695
RWDD1,116.04117462064607
RSPH4A,122.40186054982874
ZUFSP,70.4506940300171
KPNA5,118.91560160657838
FAM162B,118.88331827022415
DCBLD1,131.2929597965763
GOPC,116.28788769917938
NUS1,99.1701813710618
SLC35F1,206.7456598862579
PLN,134.9657174918284
CEP85L,240.2393782841262
ASF1A,84.1191946441993
MCM9,51.549172880625406
FAM184A,210.03399811654157
MAN1A1,340.44554301006315
TBC1D32,107.41279727001105
GJA1,272.71118407749685
HSF2,84.35253567216105
SERINC1,239.5630799392735
PKIB,84.25357639312611
FABP7,102.5205126113427
SMPDL3A,103.47971860864394
CLVS2,152.33544287809588
TRDN,114.28211186644054
NKAIN2,130.83443954478287
RNF217,82.47179242964526
TPD52L1,112.90643445387232
HDDC2,106.82237779990328
HEY2,138.34303157769207
NCOA7,133.69059193008286
HINT3,105.60159313448847
TRMT11,92.4020733699794
CENPW,61.374366579741064
RSPO3,84.89031696652879
RNF146,101.25929905641732
ECHDC1,77.15447976162332
KIAA0408,160.178687154962
SOGA3,197.0254586649919
C6orf58,68.22746874981888
THEMIS,86.10509383308906
PTPRK,140.20225536710407
LAMA2,82.10844090543841
ARHGAP18,81.0765142456919
L3MBTL3,84.8513508253618
SAMD3,137.68181349173713
TMEM200A,129.04256124539324
SMLR1,38.74253983349581
EPB41L2,181.93255267121305
AKAP7,107.04910588482011
ARG1,98.19374743040797
MED23,153.73341895523598
ENPP3,67.88101948418347
ENPP1,69.02907474279445
CTGF,106.19316591429524
MOXD1,134.9366870594042
STX7,147.1114775716003
VNN1,89.04711139192062
VNN2,116.73709377748312
SLC18B1,115.6011220323553
RPS12,206.8183515127342
EYA4,82.57331159244697
TBPL1,178.28077581100337
SLC2A12,157.85398777674808
SGK1,182.60539789111652
ALDH8A1,54.421833607715854
HBS1L,65.87943847564247
MYB,144.50444320677508
AHI1,82.05235938528565
PDE7B,226.99289028824484
MTFR2,88.38372697676641
BCLAF1,89.88751558024941
MAP7,151.59683559752884
MAP3K5,186.9028509418328
PEX7,94.71681130889061
SLC35D3,159.84230994060454
IL20RA,118.79812607970698
IFNGR1,171.00442012273896
TNFAIP3,111.42468082451123
PERP,106.23605627701397
ARFGEF3,182.39129831773022
HEBP2,101.34706068477041
NHSL1,97.5682238216514
GVQW2,65.63845912730403
CCDC28A,118.36902820622515
ECT2L,55.84759279418972
REPS1,159.07898730456122
ABRACL,132.99721908823722
HECA,112.64921924311855
TXLNB,59.10197458682424
CITED2,185.15680478471307
NMBR,139.9641342595204
VTA1,95.83026813867127
ADGRG6,135.83673265496557
HIVEP2,226.8750982864484
AIG1,108.88581402133579
ADAT2,77.03175540167388
PEX3,100.28119149060393
FUCA2,98.64967599681847
PHACTR2,79.16102835924164
LTV1,111.84951773261997
PLAGL1,103.19517265478638
SF3B5,112.3164852488162
STX11,55.8311191850695
UTRN,137.9492819477584
EPM2A,85.26165506273603
FBXO30,198.94108887234802
SHPRH,93.26860804015723
GRM1,148.4749953684488
RAB32,84.58445471206724
ADGB,147.34960932337054
STXBP5,176.33401495823819
SAMD5,199.84406655386738
SASH1,109.17401897735849
UST,120.56865083953457
TAB2,130.7098072071209
SUMO4,66.83811490903747
ZC3H12D,83.61693010484078
PPIL4,103.84579004872333
GINM1,80.80285400188859
KATNA1,83.00533302338451
LATS1,78.99639051847268
NUP43,80.87518638476845
PCMT1,155.1208509551986
LRP11,100.98567637668216
RAET1E,52.46307817418713
RAET1G,62.91681649483331
ULBP2,90.84600597236181
ULBP3,63.84723943997855
PPP1R14C,193.20298233888104
PLEKHG1,125.00620432353372
MTHFD1L,84.16921621049772
AKAP12,221.39503216920707
ZBTB2,93.35054817307244
RMND1,78.46542976569555
ARMT1,99.11922497312503
CCDC170,138.18055950618768
ESR1,100.14645697562344
SYNE1,139.61335398573954
MYCT1,151.9114820096225
VIP,141.1122372651602
FBXO5,90.20853094838614
MTRF1L,66.9121306588828
RGS17,135.1620862019056
IPCEF1,142.0948412111613
CNKSR3,77.92136426169688
SCAF8,157.47090221107112
TIAM2,86.58271070386294
CLDN20,46.32047594850533
TFB1M,93.32587996704987
ARID1B,131.97679325963753
TMEM242,94.14190342526811
ZDHHC14,97.96918668388352
SNX9,114.918367057507
SYNJ2,202.59183610315756
SERAC1,75.62054622212301
GTF2H5,134.09756031966702
TULP4,149.82573108550548
TMEM181,84.60564749057829
DYNLT1,108.52121633997632
SYTL3,43.595250631333556
EZR,150.2156022760823
RSPH3,97.66104705285474
TAGAP,75.14374300252388
FNDC1,84.35242666101524
WTAP,107.67881856450879
SOD2,122.87676408897559
ACAT2,111.34019222653762
TCP1,159.60676885414196
MRPL18,135.8708645633132
PNLDC1,64.14578150188038
IGF2R,125.36957712563387
SLC22A1,67.02829670817107
SLC22A3,85.98038317111971
MAP3K4,96.2270636645301
AGPAT4,146.64926799127295
PACRG,133.01263243725296
PARK2,196.48676327723268
QKI,143.82219263030896
C6orf118,125.3257309312605
PDE10A,235.28870012780794
PRR18,214.33163598577977
SFT2D1,112.36484147978572
MPC1,127.77492741988044
RPS6KA2,102.52616035819426
RNASET2,114.7021333799803
FGFR1OP,153.06442706598432
CCR6,61.67432807972361
TCP10L2,41.21515052869688
TTLL2,51.1227426756395
AFDN,116.49058090459309
KIF25,48.778426343645265
DACT2,157.86196981606622
SMOC2,147.10982575645193
THBS2,59.865141318264136
WDR27,87.2575564120385
C6orf120,154.28614454360047
PHF10,159.15681202555442
TCTE3,76.71302444746493
ERMARD,108.27673009482933
FAM120B,72.67962787319195
DLL1,107.34780733565955
PSMB1,71.01692551246654
TBP,86.81033028970245
PDCD2,65.94845908887041
FAM20C,228.75377874269788
PDGFA,113.03684650196644
DNAAF5,135.65568337338314
PRKAR1B,108.5791927510142
SUN1,134.29595631351825
GET4,93.80598821039817
ADAP1,167.56609744469043
COX19,76.36555404596567
GPR146,162.48703661864442
GPER1,164.86354373492486
C7orf50,115.09148513341694
ZFAND2A,132.70938184958504
MICALL2,144.4656435020305
INTS1,81.93785272410494
MAFK,233.01526651154438
PSMG3,160.28897895273428
ELFN1,257.7995578212252
MAD1L1,162.395377741422
MRM2,51.09658276884571
NUDT1,115.1339886377881
EIF3B,119.46660885891251
SNX8,151.82857129533986
CHST12,123.58004896617427
LFNG,179.49633554814767
BRAT1,135.03063270410416
IQCE,102.37823404266328
TTYH3,112.44348818400903
AMZ1,136.71837965047595
GNA12,86.90449272502283
CARD11,112.1680710050494
SDK1,72.49826554516565
FOXK1,173.09419849329532
AP5Z1,134.8185913032757
RADIL,187.7639700849411
MMD2,186.17174324241523
RBAK,85.19410432922277
WIPI2,120.40580741991468
SLC29A4,142.57424894684692
TNRC18,178.2090648915123
FBXL18,130.39981341365882
ACTB,113.67883195070979
FSCN1,134.70920195493818
RNF216,139.98444319946026
OCM,50.18504854462378
CCZ1,55.62623280566606
RSPH10B,49.965881674043544
PMS2,49.81488158331334
AIMP2,66.84298518103239
ANKRD61,69.46550449476081
EIF2AK1,128.99998507816417
USP42,76.7906539960401
CYTH3,180.12937579122251
FAM220A,100.71081865160355
RAC1,87.57575078994722
DAGLB,156.25461905393183
KDELR2,134.54172633190998
GRID2IP,99.83473527290161
ZDHHC4,142.48068004891445
C7orf26,108.63175000150738
ZNF853,136.24918008824713
ZNF316,169.55105135612473
ZNF12,75.89084766439842
RSPH10B2,74.20544420996492
CCZ1B,52.96579042583974
C1GALT1,65.77750444662135
COL28A1,78.7094628303459
MIOS,96.6540944637768
UMAD1,91.99108072396112
RPA3,75.25533716676719
GLCCI1,117.77237574596671
ICA1,187.48158570127532
NXPH1,283.7501690263906
NDUFA4,214.85662723435087
PHF14,94.39965373766216
THSD7A,128.46113080664736
TMEM106B,149.40660938297412
VWDE,69.60352412949536
AC005281.1,79.89219164945138
SCIN,74.16342754258946
ARL4A,118.48111714653999
ETV1,265.54443633582315
DGKB,233.5323966382967
AGMO,78.42565842601286
MEOX2,72.3448061214932
ISPD,73.06489492603274
SOSTDC1,67.6743893605535
ANKMY2,92.22353163951826
BZW2,152.64631860996144
TSPAN13,193.94660400653856
AGR3,48.942936886347525
AHR,133.28198634060521
SNX13,140.1684269478189
HDAC9,154.09676378934785
TWIST1,58.695098355851314
TWISTNB,90.17688254501903
TMEM196,125.85902765899851
ITGB8,185.9427459235144
SP4,83.67065259887795
DNAH11,102.19170693348914
CDCA7L,102.06318198530641
RAPGEF5,152.1569400018903
STEAP1B,95.40746244931836
IL6,131.6158554376083
TOMM7,171.47214335795243
FAM126A,83.11634579739055
KLHL7,114.13195001265623
NUPL2,80.53375209982141
GPNMB,68.71492883021017
MALSU1,121.16334148354153
TRA2A,166.96824021909492
CCDC126,92.1342492312429
FAM221A,54.75878716022331
STK31,72.16326194376828
NPY,163.4416037426791
MPP6,156.87593178802808
DFNA5,70.81641335282262
OSBPL3,67.3291541030674
CYCS,257.1069766301621
C7orf31,111.50338997284166
NFE2L3,74.49576619728666
HNRNPA2B1,207.35957423874277
CBX3,71.6668934659834
SNX10,187.3726431717057
SKAP2,56.3553738821395
HIBADH,109.07071833417899
TAX1BP1,149.32702141868512
JAZF1,141.25971500448665
CREB5,215.79756525367634
TRIL,165.4741127142401
CHN2,131.40716718428942
CPVL,88.67687311761975
PRR15,62.6275173109847
WIPF3,202.56691756089944
SCRN1,154.62511121289208
FKBP14,125.55868744525077
PLEKHA8,79.12895552697464
MTURN,180.24008080297347
ZNRF2,111.75821410452758
NOD1,122.93741555610802
GGCT,94.7225476309552
GARS,160.597618131417
CRHR2,136.56796271775
INMT,85.42869736341322
MINDY4,100.46605932020921
AQP1,166.49699607363087
GHRHR,81.58377840429489
ADCYAP1R1,172.776117518248
NEUROD6,45.61729154748295
PPP1R17,77.11543972776968
PDE1C,107.82142425318958
LSM5,66.7630085803263
AVL9,96.11383116341545
KBTBD2,122.68392301235227
FKBP9,146.70486880533645
NT5C3A,84.82864008666894
RP9,100.74837135539826
BBS9,87.31175891912443
BMPER,132.68134361631238
DPY19L1,99.27650590846596
HERPUD2,134.73451059942317
SEPT7,203.14950106694948
EEPD1,82.92920019783926
ANLN,218.33794132394098
KIAA0895,127.90066470470225
AOAH,177.9667262232004
ELMO1,237.38022931495664
GPR141,71.75152020957194
NME8,68.7557534913604
EPDR1,105.91410172437241
SFRP4,104.92883381235032
STARD3NL,58.28145135771004
AMPH,157.25903844424252
VPS41,113.51452219158679
POU6F2,63.963809912126294
YAE1D1,61.0564799815908
RALA,126.6835592683957
CDK13,172.34499320171926
MPLKIP,62.393622476656674
SUGCT,75.81311119592073
INHBA,193.098430114957
GLI3,171.0070749386188
C7orf25,103.29194355724755
PSMA2,117.23632739182983
MRPL32,93.82197754479034
HECW1,110.64479947533019
STK17A,113.34967268156834
COA1,41.162288732370484
BLVRA,71.20763317776203
MRPS24,145.83993614585998
URGCP,121.9918248320914
UBE2D4,86.55005349680269
SPDYE1,86.07572776612923
DBNL,110.69538308445198
POLM,122.30442177437016
AEBP1,145.14241252737835
POLD2,90.67186668657868
MYL7,126.91241940625733
GCK,89.07859167247756
YKT6,130.39203046661945
CAMK2B,137.83035138334802
NUDCD3,112.2215390872737
NPC1L1,76.2162404349483
DDX56,122.24592183657191
TMED4,101.65617899941353
OGDH,105.0158497377486
ZMIZ2,123.88391426412721
PPIA,143.66499726550143
H2AFV,99.08070261000091
PURB,138.18168249293035
MYO1G,154.7021130511294
CCM2,175.39219074999323
NACAD,142.77164106558686
TBRG4,81.96471254513409
RAMP3,132.73075027048657
ADCY1,106.61064033494742
IGFBP1,67.00837544587944
IGFBP3,77.099221587991
TNS3,143.97305866800127
PKD1L1,99.5172900163112
HUS1,96.65398621126772
SUN3,80.83352551223882
C7orf57,148.34067260224577
UPP1,115.86964880719725
VWC2,183.80493955894167
C7orf72,72.84925652668704
IKZF1,178.17371328656782
FIGNL1,71.35683327169897
DDC,174.25843698402267
GRB10,129.65154074537847
COBL,160.38165971036904
VSTM2A,175.85729193447685
SEC61G,89.61177952088681
EGFR,71.4839166109023
LANCL2,102.170473764604
VOPP1,150.7595658711769
ZNF713,62.36481388384297
GBAS,134.0391826885976
MRPS17,117.70980660482277
PSPH,110.17985934103143
CCT6A,165.84127389735846
SUMF2,67.46073438578767
PHKG1,173.3513292514436
CHCHD2,103.14929879807542
NUPR2,82.66609257786718
ZNF727,84.18806120623594
ZNF736,100.90943835757633
ZNF680,57.64520686788333
ZNF107,100.1986398516787
ZNF138,51.95748736501622
ZNF273,96.43894155588839
ZNF117,82.0496357160894
ERV3-1,67.6093163749085
ZNF92,79.59030070621245
VKORC1L1,117.56331979647953
GUSB,110.61821871046641
ASL,76.81450502966837
CRCP,81.53772332847154
TPST1,145.6677650445306
KCTD7,149.82149563151154
RABGEF1,85.54727626205104
TMEM248,164.7717188677442
TYW1,63.438079662884604
SBDS,106.52586623897173
AUTS2,178.00061641973952
WBSCR17,158.82778795013
CALN1,137.91193515296757
TYW1B,46.812708065739315
POM121,72.29588292594349
TRIM74,50.18412477527727
NSUN5,84.15940609642016
TRIM50,54.09824182321779
FZD9,109.59152690224946
BAZ1B,102.30486067265852
BCL7B,129.82520061249198
TBL2,112.02977717879673
MLXIPL,79.48781022465815
VPS37D,110.93390491623933
DNAJC30,92.16764876987119
WBSCR22,86.55963823132578
STX1A,97.53782344732
ABHD11,63.550427308644856
CLDN3,82.14182037851486
CLDN4,46.95882923349831
WBSCR27,60.953623564403614
WBSCR28,84.89802932518819
ELN,165.76952482196322
LIMK1,111.65160975545027
EIF4H,154.05893189255175
LAT2,163.836097713257
RFC2,69.96106633411341
CLIP2,165.02544744273683
GTF2IRD1,83.49425258284529
GTF2I,84.09303076276782
NCF1,111.84706311507023
GTF2IRD2,60.34065866265132
GATSL2,120.00758566365471
RCC1L,98.10413755193898
GTF2IRD2B,88.81472256978773
TRIM73,82.49902984057843
POM121C,52.75515825739154
SPDYE5,60.55310424868881
HIP1,181.06880857603034
CCL26,63.08431020799773
RHBDD2,112.15834686554794
POR,118.01035907086236
TMEM120A,92.72616210259909
STYXL1,92.86863282259023
MDH2,128.3619728342819
SRRM3,152.16088990338028
HSPB1,142.4663988181256
YWHAG,240.11091250764514
SSC4D,74.26719568274382
ZP3,75.01026970601345
DTX2,78.59478173903702
UPK3B,76.6055847885118
POMZP3,61.198738239962125
CCDC146,94.96023391706481
FGL2,96.13231859040476
GSAP,89.08409159117716
PTPN12,60.04572014342463
RSBN1L,84.7857989989167
TMEM60,104.93445498258109
PHTF2,208.52920637365918
MAGI2,135.71108950532536
GNAI1,139.19830126343658
CD36,83.51996532274921
SEMA3C,92.24103587700674
HGF,121.26106474595238
CACNA2D1,218.19405136547536
PCLO,115.60200685884556
SEMA3E,122.52231197074937
SEMA3A,141.3701863361384
SEMA3D,131.1679289412097
GRM3,147.59051613470223
KIAA1324L,149.68803852093885
DMTF1,114.8512280245713
TMEM243,76.95817669824686
CROT,74.90406431593334
ABCB4,78.48155853295867
RUNDC3B,121.06794894474871
ABCB1,149.7003835315574
SLC25A40,117.56398337448479
DBF4,73.07137363421575
ADAM22,124.98541765815023
SRI,107.10788452535692
STEAP4,91.71071387736708
STEAP1,64.77985731785805
STEAP2,79.2389744898955
CFAP69,132.68937965792477
CTB-16J4.1,59.7156435703933
GTPBP10,84.3873048738835
CLDN12,140.64636613384772
CDK14,171.66291055854498
FZD1,87.20040235735624
MTERF1,94.59418731433945
AKAP9,167.7360630858471
CYP51A1,114.16124573769815
LRRD1,68.31774261600646
KRIT1,124.17426220500064
ANKIB1,114.78492979162223
GATAD1,106.14894622832057
ERVW-1,104.45643641397157
PEX1,103.82547517169229
RBM48,102.43892147921562
FAM133B,105.0559912009575
CDK6,111.58109509261607
SAMD9,176.79602023186646
SAMD9L,151.7003437770261
HEPACAM2,72.88037323272528
VPS50,147.38375490793482
TFPI2,64.4833958623255
GNG11,115.99765988445867
BET1,64.99355723534569
COL1A2,254.2834563060109
CASD1,83.54887014355401
SGCE,134.2868309069818
PEG10,87.8635090639084
PPP1R9A,134.52535952430534
AC002429.5,114.60131694745368
PON1,68.80473852048556
PON3,85.32314443134175
PON2,142.4963414626151
ASB4,87.2539986396319
PDK4,187.68763651039387
DYNC1I1,163.84173364001637
SLC25A13,102.38104774168738
SEM1,141.77346725129033
DLX6,109.58560880868421
DLX5,139.08525427831913
SDHAF3,156.20647851279477
TAC1,142.2438827510025
ASNS,154.46565722163965
LMTK2,132.3580052706149
BHLHA15,63.91128117022549
TECPR1,118.7100291069971
BRI3,112.49928760558083
BAIAP2L1,53.9116272609655
NPTX2,194.36568333976754
TMEM130,233.651944276537
TRRAP,200.65140857669297
SMURF1,142.5275755570696
ARPC1A,130.91587329176667
ARPC1B,90.93969572580676
PDAP1,191.06980480661673
BUD31,113.90771670373977
PTCD1,85.49506842432757
CPSF4,88.30992040084803
ATP5J2,211.6577620040199
ZNF789,128.4315008344862
ZNF394,71.66309512652228
ZKSCAN5,85.28681735426949
FAM200A,98.38838922329847
ZNF655,151.68481212422003
GS1-259H13.2,84.60767270523007
ZSCAN25,64.27248651678582
CYP3A5,53.25576510999841
CYP3A43,72.28899423590244
TRIM4,82.5305046645459
GJC3,52.1474939238872
AZGP1,92.50025724535075
ZKSCAN1,125.64226945031453
ZSCAN21,72.74068949105589
ZNF3,107.60010407880966
COPS6,170.98458269248107
MCM7,222.62253261753983
AP4M1,115.0788660008757
TAF6,121.07895530166562
CNPY4,93.4021179380876
MBLAC1,76.78152681430339
LAMTOR4,147.82468400323768
C7orf43,142.71418261064554
GAL3ST4,108.55401646345169
GPC2,189.81175882912436
STAG3,84.97915372755926
PVRIG,57.68309325132611
GATS,128.4497265130459
SPDYE3,66.13561393048403
PILRB,73.4947967601733
PILRA,55.778273944806784
ZCWPW1,83.39399359321561
MEPCE,80.5764538676022
PPP1R35,98.5938234416721
C7orf61,107.64063437383166
TSC22D4,180.0774209794323
NYAP1,148.9893073955907
AGFG2,233.62106999889244
SAP25,121.83462981577406
FBXO24,88.91792956764681
LRCH4,93.53052724215664
PCOLCE,143.58765316909657
MOSPD3,129.36963197512128
TFR2,99.02227110007479
ACTL6B,147.1122884906978
GNB2,185.97934108327212
GIGYF1,89.1089918865641
POP7,149.11400723725853
EPO,96.67515418437387
SLC12A9,122.26478662426629
EPHB4,132.5906316213168
TRIP6,183.4764023938411
SRRT,225.5271972010937
UFSP1,97.75920575445474
ACHE,233.2572331453357
MUC3A,103.9639739891328
TRIM56,168.0047407303531
SERPINE1,144.60542538522307
AP1S1,199.86998015737313
VGF,249.9131494192951
NAT16,126.090350467284
ZNHIT1,130.8081891490707
PLOD3,143.55411248162977
CLDN15,131.2574042483514
FIS1,125.04099901048332
IFT22,120.75315133964463
COL26A1,94.40441833546427
CUX1,97.64014012239846
SH2B2,95.42037473035185
SPDYE6,68.38305891846863
PRKRIP1,78.3026772354495
ORAI2,168.5949380866083
ALKBH4,89.14788796706065
LRWD1,140.64457831947266
POLR2J,118.18970715224017
RASA4B,46.520451283039336
POLR2J3,58.92628193241754
RASA4,83.69256388939496
UPK3BL,84.3586037311837
POLR2J2,52.940042903857176
FAM185A,61.88297773074822
LRRC17,93.74492786162523
FBXL13,55.08446657513812
ARMC10,112.41659737336369
NAPEPLD,129.1886319576981
PMPCB,92.92237473912306
PSMC2,113.95569446515998
DNAJC2,109.18828278769124
SLC26A5,76.40486923947859
RELN,91.61346870592976
ORC5,107.41892340416058
LHFPL3,253.3033169808216
KMT2E,164.60042298039966
SRPK2,177.80710338175402
PUS7,120.71731676056157
RINT1,107.65945185234983
EFCAB10,122.28239648244815
ATXN7L1,71.63085908777427
CDHR3,104.11497624983983
SYPL1,190.545683802795
NAMPT,81.5503595548274
CCDC71L,78.5075242932709
PIK3CG,70.78720663683777
PRKAR2B,223.73516235826793
HBP1,173.56604136593748
GPR22,115.01372290916015
DUS4L,66.31653558919771
COG5,80.64826066793657
BCAP29,83.19421094029744
SLC26A4,115.0991557633078
CBLL1,193.18595357404848
DLD,104.24082758932533
LAMB1,135.04548578723265
NRCAM,127.14822165346405
PNPLA8,180.55848993229705
THAP5,94.14074217051558
DNAJB9,137.60015164700218
LRRN3,213.4909960575539
IMMP2L,99.76249574918694
DOCK4,301.3196947093231
ZNF277,172.4101655489875
IFRD1,118.62625501075419
LSMEM1,135.68971310397458
TMEM168,107.16121773085302
BMT2,86.40522890525702
GPR85,116.65192787011011
LINC00998,213.2682931143666
FOXP2,177.97796440771762
MDFIC,147.4522280077096
TFEC,129.71773924873048
TES,96.64472716184937
CAV2,125.16214546038103
CAV1,113.53002928945097
MET,62.137188098298026
CAPZA2,127.50047638690097
ST7,122.49375409643972
WNT2,72.24276074619294
CFTR,147.0897124275881
CTTNBP2,231.26780340857175
LSM8,108.1547980425668
ANKRD7,78.03708159273168
KCND2,159.16891817491285
TSPAN12,111.4028064540025
ING3,69.1277253791479
CPED1,66.59795335286108
WNT16,127.49040737247202
FAM3C,81.42571295105012
PTPRZ1,237.82234835291007
AASS,156.90104750917783
FEZF1,171.29598542989842
CADPS2,110.96729431287017
IQUB,96.95657080257598
NDUFA5,187.4057174809722
LMOD2,98.69025557874988
WASL,125.26598265118983
TMEM229A,202.7026244595985
GPR37,201.9489960389264
POT1,69.36707946356435
GRM8,117.16045223719911
ZNF800,139.21077796804016
ARF5,183.56414277925097
GCC1,139.762672081401
SND1,123.99223381636199
LRRC4,188.9639976457879
RBM28,127.91709669337067
PRRT4,120.17807632246348
IMPDH1,158.2790085708342
HILPDA,137.86946042255403
METTL2B,74.65189026083888
FAM71F2,102.04254207602037
FAM71F1,80.28648214546422
CALU,131.52689366113324
OPN1SW,110.47084138396843
CCDC136,148.66011138716453
FLNC,162.60164919618714
ATP6V1F,180.40004983139795
RP11-309L24.4,53.12855768171815
IRF5,120.00550556552577
TNPO3,123.71724977126865
RP11-286H14.4,84.26436770134649
TSPAN33,97.62679072319969
SMO,115.9341213463085
AHCYL2,130.5056553753862
STRIP2,167.1813506693639
SMKR1,98.21292007643831
NRF1,76.74746475519689
UBE2H,156.38450355934208
ZC3HC1,96.92264532388282
KLHDC10,134.63154640709038
TMEM209,90.5309440102358
CPA2,110.05262363082628
CPA4,94.02429955227078
CPA1,109.71587840940683
CEP41,102.19883526785418
MEST,101.72040442103534
COPG2,167.27341620736206
KLF14,97.12293339720219
MKLN1,208.8646694008462
PODXL,247.55472838516283
PLXNA4,154.39992176692238
CHCHD3,91.7271134369982
EXOC4,122.73346421584378
LRGUK,89.09494218623894
SLC35B4,109.64577998859673
AKR1B1,199.49171990321963
BPGM,118.38486296159235
CALD1,276.3889951666234
AGBL3,77.07879105980282
TMEM140,125.81732671161839
C7orf49,75.94408744942703
WDR91,72.7072138063815
STRA8,59.224799268288734
CNOT4,81.49344841773853
NUP205,141.1669567712554
C7orf73,143.00629599665416
SLC13A4,70.8070670528825
FAM180A,114.73148372137351
MTPN,134.19812968155182
CHRM2,222.7965333287149
PTN,233.10599248969038
DGKI,182.4975983485356
CREB3L2,108.36240201265858
TRIM24,116.8767471491276
SVOPL,42.532197328801004
ATP6V0A4,151.56580721525734
KIAA1549,103.87612185297709
ZC3HAV1L,78.46272540705189
ZC3HAV1,119.56307189786759
TTC26,96.42943175647969
UBN2,146.10829569564478
FMC1,153.5530600374112
LUC7L2,170.95973303955643
CLEC2L,126.24766288035195
TBXAS1,128.65829322577653
HIPK2,191.02398178377194
PARP12,196.37770902330638
KDM7A,129.78213187497897
SLC37A3,98.06416531411739
MKRN1,228.79849992196176
DENND2A,123.86980333859051
ADCK2,91.94049419776348
NDUFB2,213.34986754245887
BRAF,141.98803503095127
MRPS33,103.79224447808073
TMEM178B,170.89071370626857
AGK,107.75866405223974
KIAA1147,93.60465513073825
WEE2,50.807259986996
SSBP1,177.029561961552
TAS2R3,75.40381945292486
TAS2R4,40.1898952747226
TAS2R5,52.77952970821789
PRSS37,55.2252557232909
MGAM,88.65535130516443
CLEC5A,67.7334778866186
MTRNR2L6,80.97312858668178
PRSS1,104.6431139859423
PRSS2,111.85228727367559
EPHB6,159.3692900003544
TRPV6,109.23053467539148
TRPV5,106.52102144905604
C7orf34,59.63848476079363
KEL,89.24290569811848
GSTK1,98.65990877648113
TMEM139,41.323249459496964
CASP2,109.65709189903632
FAM131B,141.24829925966014
ZYX,143.83287405122948
EPHA1,93.95483332155447
TCAF2,66.59551408888737
TCAF1,100.73201436073637
ARHGEF35,61.46832166788991
OR2A7,70.10739289662797
ARHGEF5,99.9460163192511
TPK1,107.08569513785403
CNTNAP2,70.75318085986765
CUL1,114.79481788679104
EZH2,160.80276314066725
PDIA4,162.39090673914723
ZNF786,68.72594761093649
ZNF425,61.88494744403974
ZNF398,73.30124787947707
ZNF282,81.12184658957597
ZNF212,77.02354810774372
ZNF783,86.7559236584527
ZNF777,129.5150591046583
ZNF746,60.05060568304671
KRBA1,106.01282598648419
ZNF467,112.85175703224465
SSPO,69.80810502469308
ZNF862,89.09604346492011
ATP6V0E2,92.82899104133338
LRRC61,44.9525449493986
ACTR3C,90.44238237679969
ZBED6CL,71.69657659023707
RARRES2,110.58745215035043
REPIN1,74.11245200168167
ZNF775,116.75554269287656
GIMAP8,128.23267576229844
GIMAP7,176.66802708603012
GIMAP4,111.5626800489494
GIMAP6,144.1012167981592
GIMAP2,198.40439179538492
GIMAP1,163.67047431611311
GIMAP5,114.68957743792038
TMEM176A,96.19897081406538
TMEM176B,98.42391154170056
KCNH2,196.66373571841075
NOS3,141.70587153508984
ATG9B,157.97694779480628
ABCB8,149.1889370980447
ASIC3,154.64389550606
SLC4A2,103.05147285817003
CDK5,170.51800952449372
FASTK,146.5701332530506
TMUB1,225.1592088696056
AGAP3,181.09546220293203
GBX1,60.846489400591395
ABCF2,93.5000987930706
CHPF2,94.55574975639331
SMARCD3,144.85126195471747
NUB1,97.23481020907653
WDR86,120.98907316165935
CRYGN,120.97063462773065
RHEB,154.6157687670701
PRKAG2,186.9188036273177
GALNTL5,64.30954904224359
GALNT11,154.44608880160052
KMT2C,201.72843717210066
XRCC2,37.92584481363056
ACTR3B,149.25472107177563
DPP6,173.70809879877237
PAXIP1,63.56643323325602
HTR5A,85.5961463207413
INSIG1,167.93129216192816
EN2,83.22165254796684
CNPY1,72.26399189487256
RBM33,141.87652645930456
SHH,114.28797385994153
RNF32,92.0336714273856
LMBR1,147.35985310579053
NOM1,76.5421758090921
UBE3C,100.18601678761979
DNAJB6,155.1372372495909
PTPRN2,113.87914356003694
NCAPG2,96.67004406117229
ESYT2,126.42558500888805
WDR60,71.98810549444062
VIPR2,132.68571600533562
ZNF596,104.17559820563139
FBXO25,100.44239977569674
TDRP,127.40787668718161
DLGAP2,134.41484411955892
ERICH1,47.988125934532945
CLN8,86.32211762652872
ARHGEF10,65.56794345886556
KBTBD11,150.4102093701532
MYOM2,68.53030099345966
CSMD1,105.57389286010374
MCPH1,84.61807861438083
ANGPT2,96.8306915685655
AGPAT5,99.03137605713056
DEFB1,65.947596214015
DEFA4,87.62308358872079
DEFA3,94.20502539301654
PRAG1,146.6334606509132
CLDN23,67.59850489497069
MFHAS1,115.2941912974747
ERI1,73.51632086606506
PPP1R3B,106.99727691614186
TNKS,148.41791056825588
MSRA,74.92990673519841
PRSS55,33.633365743489065
PRSS51,81.84859370866775
SOX7,168.68963339305782
PINX1,62.73024741104808
XKR6,103.34380179489764
MTMR9,80.7296435677298
SLC35G5,60.93159541935148
FAM167A,148.89933636021462
NEIL2,135.0535382410441
FDFT1,138.2238391793549
CTSB,76.66507479258524
DEFB134,52.7832279677022
USP17L7,72.63648844237278
FAM86B1,50.250889478586686
FAM86B2,62.69358329428863
LONRF1,96.76883267680807
KIAA1456,150.2690659030655
C8orf48,78.05712695030039
DLC1,185.21811790771608
SGCZ,87.7189270071429
TUSC3,193.20939206026208
MSR1,94.49903698011997
FGF20,69.4026022866388
MICU3,149.80756610890506
ZDHHC2,115.97826875000288
CNOT7,100.70536076307064
VPS37A,90.60118309236495
MTMR7,85.50603033562342
SLC7A2,126.05671063249775
PDGFRL,83.25708418309256
MTUS1,106.33268748779628
FGL1,62.8369536275527
PCM1,124.61016167574027
ASAH1,144.58305923365077
NAT1,90.9071689228131
NAT2,91.59325030580291
PSD3,231.79811283728526
SH2D4A,76.95341327528942
CSGALNACT1,56.383767277212826
INTS10,95.43811564994826
LPL,135.77897821494747
ATP6V1B2,165.92485400133802
LZTS1,201.70329192034836
GFRA2,137.6404951552564
DOK2,128.61041565722846
XPO7,219.81766189257576
NPM2,147.60375639857637
FGF17,133.93242994703405
DMTN,266.1565866563006
FAM160B2,103.18185282461673
NUDT18,89.62516321821863
HR,157.80078292611563
REEP4,71.36099538860978
LGI3,145.00583202269317
SFTPC,85.77300192269493
BMP1,135.86257470097672
PHYHIP,243.0445893231249
POLR3D,90.0116155526149
PIWIL2,60.0943673756407
SLC39A14,57.071170732747305
PPP3CC,75.1852851450621
SORBS3,122.95881682816605
PDLIM2,94.61012115708104
C8orf58,103.23838409453339
CCAR2,123.22485524949272
BIN3,79.45559712570824
EGR3,231.04907808633254
PEBP4,105.45643249685932
RHOBTB2,58.68659124278642
TNFRSF10B,127.9419172881029
TNFRSF10C,39.17090077446642
TNFRSF10D,161.7567745184957
TNFRSF10A,96.17049582322565
CHMP7,90.80323160329576
R3HCC1,141.82844436818635
LOXL2,115.07204119209683
ENTPD4,154.9239570047473
SLC25A37,102.13272768841426
NKX3-1,88.6650183547768
STC1,118.85780268511851
ADAM28,164.2073177429025
NEFM,182.14919002751395
NEFL,204.34111352901965
DOCK5,137.64651903518813
GNRH1,165.02191533976927
KCTD9,117.01090173529323
EBF2,60.243335673065644
PPP2R2A,195.8222361550715
BNIP3L,165.17693641148344
PNMA2,111.95989330821706
DPYSL2,132.99347573450518
ADRA1A,95.44708222461608
STMN4,51.70788711996133
TRIM35,98.50838643272652
PTK2B,159.1506273313098
CHRNA2,144.39332167731845
EPHX2,97.6254822336208
CLU,124.50961731935223
SCARA3,139.7969944629973
CCDC25,84.93979956678953
PBK,60.35185704488495
SCARA5,102.11820540079404
ELP3,71.7770236839724
PNOC,163.34927888435715
ZNF395,186.2421397874386
FBXO16,94.72536321529185
FZD3,212.88187610500842
EXTL3,156.1501718452954
INTS9,77.07934517296619
HMBOX1,158.4426040017732
KIF13B,144.93951151774135
DUSP4,173.4389159227973
SARAF,247.7024870842398
LEPROTL1,116.5640063191129
MBOAT4,55.19945791004835
DCTN6,118.70356208900347
RBPMS,146.85900435700663
SMIM18,105.34165567038846
GTF2E2,68.06961422609848
GSR,121.33627134839222
UBXN8,90.34048232706195
PPP2CB,174.8284014292226
TEX15,81.44555130152278
PURG,89.41648323136442
WRN,100.83641240644604
NRG1,100.19488335015518
FUT10,103.45907882695633
MAK16,91.0092472151862
TTI2,72.11020475410785
RNF122,109.09230366464712
DUSP26,149.4050136891364
UNC5D,87.59142755022748
ZNF703,111.3913196511744
ERLIN2,97.29599634748755
PROSC,65.82149574251693
ADGRA2,200.03652906117105
BRF2,87.13884257564789
RAB11FIP1,93.76825521067971
EIF4EBP1,100.34608948585543
ASH2L,69.13754843384987
STAR,85.75005349384273
LSM1,61.48177488711323
BAG4,141.3460896112174
DDHD2,119.6168231570972
PLPP5,145.04246815458558
NSD3,198.11412026586953
LETM2,76.56285633467778
FGFR1,225.3435549394556
TACC1,194.33454098005066
PLEKHA2,112.11529772190858
TM2D2,95.04816304995006
ADAM9,140.85583601295775
ADAM32,72.72177735225986
C8orf4,80.33861466815722
ZMAT4,121.63630883501597
SFRP1,137.7454564455766
GOLGA7,168.45733212417503
GINS4,65.85275527464174
GPAT4,108.58352950407374
NKX6-3,82.47456197954912
ANK1,132.16595462880724
KAT6A,140.40336342454358
AP3M2,138.4316531377939
PLAT,117.89709491120561
IKBKB,99.60828540711285
POLB,74.38788224634465
VDAC3,160.59419371929783
SLC20A2,182.9495625053558
SMIM19,93.16520947727798
THAP1,65.40686674016638
HOOK3,136.3708926949264
RNF170,79.60687183537411
FNTA,128.60528553982323
POMK,54.477111022848106
HGSNAT,68.73787401579142
SPIDR,120.42485125418304
CEBPD,244.36991803283613
PRKDC,143.17215624179858
MCM4,109.00518845179491
UBE2V2,159.07917473371782
EFCAB1,70.32508449428647
SNAI2,132.7899216604423
C8orf22,108.67411178145198
SNTG1,122.86561140727451
PXDNL,77.3567283703785
PCMTD1,106.54244140765363
ST18,153.64921448780856
RB1CC1,97.8592903655406
OPRK1,103.77268426310994
ATP6V1H,150.72836128835527
RGS20,146.2893146799804
TCEA1,156.02969962588804
LYPLA1,183.41925074667415
MRPL15,82.3926325725669
SOX17,123.37126115198839
XKR4,108.37999250956085
TMEM68,67.19520615603335
TGS1,85.90216182166833
LYN,101.76044125227426
RPS20,164.12633622352308
PLAG1,79.97400522197668
CHCHD7,80.92354816927346
SDR16C5,62.972914663300344
PENK,180.13971605945326
IMPAD1,122.3692954628431
FAM110B,122.90104306366231
UBXN2B,96.01719534938422
SDCBP,85.87666619028735
NSMAF,88.2004951899709
TOX,78.14599492890108
CA8,111.81383678204881
RAB2A,142.84620427567557
CHD7,101.33921411575585
CLVS1,177.3878622342769
ASPH,197.65559056694167
NKAIN3,129.10210399343677
GGH,131.54655854519143
TTPA,79.05008117456109
YTHDF3,129.92693429885185
BHLHE22,95.91082891504507
CYP7B1,141.29976976620162
ARMC1,79.75307301654036
MTFR1,67.89529999053573
PDE7A,120.76826378786097
TRIM55,89.691043991197
CRH,161.31729291694472
RRS1,128.245748788302
ADHFE1,59.322299631646985
C8orf46,142.1234167703734
MYBL1,104.1118796937929
VCPIP1,116.5956238407413
C8orf44,104.66983586534948
SGK3,138.40105133446502
MCMDC2,116.28735143658002
TCF24,111.05363074101484
PPP1R42,109.32804292165375
CSPP1,111.08209737370373
COPS5,98.53708958625995
ARFGEF1,102.55704874102258
PREX2,167.5978335047812
C8orf34,130.0656795176996
SULF1,116.89017990217633
SLCO5A1,75.21618627173262
NCOA2,143.68107745156158
TRAM1,104.0373529668014
LACTB2,53.991793038250705
XKR9,53.07254867467873
EYA1,268.0355723577023
MSC,112.43102394018251
KCNB2,134.73192059168966
TERF1,95.42204412009932
SBSPON,73.67200996854166
C8orf89,72.52776688515434
RDH10,104.41965663425168
RPL7,238.37793526218925
STAU2,137.8292549943053
UBE2W,104.92129969333743
ELOC,167.33296430004384
TMEM70,136.28995914223407
LY96,60.892050365074056
JPH1,223.04427919713578
GDAP1,111.54334098364757
PI15,130.17642778575112
CRISPLD1,178.70496121079157
HNF4G,77.33099769156499
ZFHX4,176.75165172164571
PEX2,78.15380969840567
PKIA,158.68359290311895
ZC2HC1A,114.95200335473993
IL7,60.004495010914155
STMN2,172.05424009292105
HEY1,138.441599580105
MRPS28,91.4171452532189
TPD52,148.47793591415308
ZBTB10,85.15878128577762
ZNF704,173.5549172959819
PAG1,130.36981142773678
FABP5,128.47640651424112
PMP2,167.56525999721583
FABP4,75.8415034462445
IMPA1,111.6627566544253
SLC10A5,56.014059656457505
CHMP4C,91.69275796678062
ZFAND1,91.82729538391095
SNX16,81.32092407124154
RALYL,175.34581426659634
LRRCC1,79.87792347468621
E2F5,117.27744640380035
C8orf59,105.14722447610717
CA13,49.429999218275384
CA3,124.99345637798703
CA1,77.33717959510781
CA2,77.08266300425925
WWP1,125.43616405737265
RMDN1,109.97972826070765
CPNE3,104.31219147644237
MMP16,225.11602600458764
RIPK2,135.05204419430055
OSGIN2,150.75928498034156
DECR1,131.26805258993747
NBN,91.13401193225224
CALB1,273.38921825241295
TMEM64,160.13894151561567
NECAB1,88.65529434077729
C8orf88,79.6680929723151
TMEM55A,255.01573628019446
OTUD6B,91.52430796690973
LRRC69,104.42299408573345
SLC26A7,51.234683936745625
RUNX1T1,130.6110668532878
TRIQK,98.37572523404364
FAM92A,102.73823532363679
RBM12B,73.6784685860458
TMEM67,124.48981138415903
PDP1,293.60064264970237
GEM,142.93177069546118
FSBP,58.71767091312702
RAD54B,99.50664105434737
KIAA1429,82.25679754237402
DPY19L4,93.00271434097789
INTS8,125.49545841059876
NDUFAF6,90.93141350409104
CCNE2,88.20789507362872
TP53INP1,159.80623985871523
PLEKHF2,124.8235253260429
C8orf37,56.11771594509065
GDF6,99.44854286249762
UQCRB,210.45688007491555
MTERF3,110.38731611139337
PTDSS1,140.44367087060712
SDC2,113.44224487189786
CPQ,155.11337453373014
TSPYL5,127.77279308041415
MTDH,115.58206680263766
LAPTM4B,101.1078409536266
MATN2,132.1988025239934
RPL30,216.53142716548902
ERICH5,67.99720077293424
RIDA,158.96388632073828
POP1,87.41101301339683
NIPAL2,91.12845125816159
KCNS2,121.09167591023581
STK3,93.24160820599045
OSR2,103.78123220701897
VPS13B,91.73896439175263
COX6C,177.72030047428171
RGS22,128.60455245184951
FBXO43,52.04255625695106
POLR2K,185.21900475057026
SPAG1,141.06372503456495
RNF19A,174.43232510692195
ANKRD46,138.68183750250608
SNX31,89.07719551528336
PABPC1,172.148249129835
YWHAZ,146.12512137609042
ZNF706,173.59554125396616
NCALD,212.504443459372
RRM2B,72.12311082783364
UBR5,169.35722109982407
ODF1,67.71873400264025
KLF10,174.7849813593952
AZIN1,116.86929105390249
ATP6V1C1,124.3948151629929
BAALC,108.79877592573393
FZD6,123.0892955301259
CTHRC1,76.58246955990512
SLC25A32,78.87091321105433
DCAF13,118.4180705681757
RIMS2,145.89940635576528
DCSTAMP,81.43256257051723
DPYS,64.105512794346
LRP12,119.83256834924276
ZFPM2,100.65139661924582
OXR1,212.78545523553487
ANGPT1,128.52650084290158
RSPO2,103.19428098499941
EIF3E,209.58386998270043
EMC2,112.15326602612049
TMEM74,92.76184373738371
NUDCD1,116.12957905730318
ENY2,82.61677782005069
EBAG9,123.41214448149469
SYBU,147.89801197505665
KCNV1,225.78621100927327
CSMD3,195.3472506240567
TRPS1,187.20297166971744
UTP23,95.76367441873629
EIF3H,202.20028636703836
RAD21,81.83669240075193
AARD,115.78474645343218
SLC30A8,78.40377063767528
MED30,58.21734894669899
EXT1,82.07398651042664
SAMD12,139.70379594036046
TNFRSF11B,99.4640164634396
MAL2,146.57056004270618
NOV,92.83379398155603
ENPP2,223.89101511816762
TAF2,58.313725330805056
DSCC1,59.44633979583017
DEPTOR,102.44863366130392
COL14A1,154.53083602479575
MRPL13,123.08153941681445
MTBP,114.41574412374985
SNTB1,159.95791817529732
HAS2,86.80194124960269
ZHX2,110.24470704280833
TBC1D31,98.97716886224245
DERL1,83.62492033921004
C8orf76,133.04256178120312
ZHX1,204.5670421865542
ATAD2,189.67630936318562
WDYHV1,64.31099156750014
FBXO32,109.45702205291815
KLHL38,77.6663183828698
ANXA13,85.63980322634404
FAM91A1,101.37545025008146
TMEM65,110.66939771070591
TRMT12,120.71819566260316
RNF139,59.64127347126026
TATDN1,69.23298479962449
NDUFB9,219.61944510600168
MTSS1,158.71170334504444
ZNF572,72.4598218375954
SQLE,115.45187286917567
WASHC5,120.47984296646459
NSMCE2,101.41576740360671
TRIB1,125.89496740261802
FAM84B,136.7075571160857
MYC,98.02342494124224
GSDMC,124.6667550466035
FAM49B,176.4942139983467
ASAP1,111.48719365847975
ADCY8,151.08175722607433
EFR3A,162.8558149015065
OC90,47.27318485894324
KCNQ3,123.24983376898373
LRRC6,137.69397852020668
TMEM71,98.29732743510243
PHF20L1,102.37408088034942
TG,92.78088562165777
SLA,90.57593663048789
WISP1,70.00008509429887
NDRG1,112.17746259402028
ST3GAL1,130.0246997412546
ZFAT,102.89567369626309
KHDRBS3,177.70724801868306
FAM135B,96.60391281249784
COL22A1,89.33166136332179
KCNK9,98.46795814571917
TRAPPC9,169.87958606207826
CHRAC1,96.56870033968775
AGO2,158.66803531318448
PTK2,53.414922636923336
DENND3,76.26982314552504
SLC45A4,140.41939677328108
GPR20,128.2965397389672
PTP4A3,99.49574390208889
AC138647.1,100.92537811602728
TSNARE1,86.45532088203137
ADGRB1,262.4443069831762
ARC,137.8464730433998
PSCA,80.67433049508759
JRK,86.06539020652542
LY6K,75.81018736950062
THEM6,140.96894187166885
LYNX1,59.355208717155534
LYNX1,135.23878360315376
LY6D,127.3019346007091
CYP11B1,82.6673003543116
LY6E,166.265769146078
LY6H,125.47799833348861
GPIHBP1,128.24558777973525
ZFP41,90.13075078096108
GLI4,112.78790311003343
ZNF696,60.87800146364415
TOP1MT,72.23882183014803
RHPN1,145.37379182805762
MAFA,59.49236369207867
ZC3H3,124.38684938498713
GSDMD,114.61505780327573
MROH6,61.181927884546184
NAPRT,57.62145512123658
EEF1D,140.14450115211025
TIGD5,74.26944756664929
PYCRL,117.59692384309301
TSTA3,162.48871699036417
ZNF623,84.06862141474821
ZNF707,84.91035915063532
MAPK15,114.57169776105567
FAM83H,127.10189328057416
FAM83H-AS1,64.0570732395862
SCRIB,259.0628211031859
PUF60,145.49188677797252
NRBP2,150.1514173568881
EPPK1,61.87319297140212
PLEC,153.04326189220512
GRINA,230.76327519691705
SPATC1,58.86643023842345
PARP10,143.13423073823446
OPLAH,137.23580868751753
EXOSC4,98.65893846364293
GPAA1,129.97625169733226
CYC1,212.21801613482995
MAF1,117.97559247911451
WDR97,90.00789012349873
SHARPIN,113.4824423608049
HGH1,159.49489873627357
MROH1,145.54947308213724
SCX,113.56950343386961
BOP1,196.59559669966956
HSF1,144.45555495433194
DGAT1,151.52327039807318
SCRT1,170.4574065118609
SLC52A2,132.45947239267696
TMEM249,66.3351910792619
FBXL6,78.3634520648757
ADCK5,90.77420775921726
CPSF1,61.797511661235745
SLC39A4,78.31910416676092
VPS28,96.25922232554245
TONSL,91.85336968211192
CYHR1,106.64999822080298
KIFC2,149.16387976002207
FOXH1,66.88759834070132
PPP1R16A,138.85745953229824
GPT,122.04340748239434
MFSD3,164.4171986943369
RECQL4,71.14558271542668
LRRC14,80.01170429571579
C8orf82,138.26709746973907
ARHGAP39,165.6512757099379
ZNF251,98.72458583078998
ZNF34,117.90917898981067
RPL8,219.38685312088364
ZNF517,96.60498745234267
ZNF7,69.22495430862784
COMMD5,132.91897587492042
ZNF250,106.96787289263949
ZNF16,104.20870539689002
C8orf33,105.80637747421875
WASHC1,41.72805556907264
FOXD4,124.06272977495487
CBWD1,63.42495462899032
C9orf66,72.74812602210392
DOCK8,96.53245325862486
KANK1,117.09907226607103
DMRT2,92.45274603842503
SMARCA2,240.44299319313404
VLDLR,120.45942270182977
KCNV2,72.44730331137174
PUM3,108.24451740267156
RFX3,129.71404500507558
GLIS3,128.42747239902658
SLC1A1,170.9291467126801
PLPP6,97.38602657733594
SPATA6L,89.1038539255091
CDC37L1,89.20604007625766
AK3,71.45371357666471
RCL1,101.75278857147745
JAK2,66.87643545747898
RLN2,70.9181454201296
RLN1,56.40577254008221
PLGRKT,98.02753596543079
CD274,128.31403385579958
PDCD1LG2,70.21249451927395
RIC1,117.07442681713974
ERMP1,103.2438138888775
KIAA2026,142.5137582605667
RANBP6,75.56117832243586
IL33,76.82428730050376
UHRF2,88.91667971952239
GLDC,74.95609092474618
KDM4C,77.06322765151617
TMEM261,165.40548916098976
PTPRD,119.40050123417231
TYRP1,66.74538582940878
LURAP1L,82.29656729560747
MPDZ,109.53968825483699
NFIB,131.60262982497824
ZDHHC21,139.11741958189953
CER1,156.473405099994
FREM1,87.46583832589772
TTC39B,114.88088405106578
SNAPC3,105.26136539223782
PSIP1,271.8613886037615
CCDC171,93.17386321315934
BNC2,79.31757883684921
CNTLN,82.03205601040779
SH3GL2,147.51566552889932
ADAMTSL1,68.33613435133478
RRAGA,116.0068005892071
HAUS6,74.90912519552447
PLIN2,107.29327658260317
DENND4C,100.79540136832225
RPS6,220.88047130757104
ACER2,193.7239173812796
SLC24A2,136.57439803131922
MLLT3,112.44500493736697
FOCAD,118.54674254190132
HACD4,95.6223390185151
IFNA21,53.30522135092093
KLHL9,105.68449268893514
IFNA6,64.95592163219098
IFNA13,75.11536452944006
IFNA2,50.03429688271402
IFNE,66.82139473379428
MTAP,86.56465230006955
CDKN2A,75.63397092459022
CDKN2B,109.88894912912437
DMRTA1,78.89919258197787
ELAVL2,266.1408131805097
TUSC1,143.1535191292623
CAAP1,60.094076531294405
PLAA,75.69263053923791
IFT74,62.58328740786632
TEK,174.9767831181675
EQTN,61.73375176117676
MOB3B,116.24419435353221
C9orf72,85.62417040913178
LINGO2,71.21752068935183
ACO1,101.91789374975218
DDX58,176.2796042794874
TOPORS-AS1,88.94361642415811
TOPORS,138.89062699263428
GVQW1,101.76089523827392
NDUFB6,166.72292363488822
TMEM215,95.55596137194217
APTX,91.93295934492758
DNAJA1,182.33755188072683
SMU1,202.2552063199709
B4GALT1,125.80847488933236
BAG1,85.21745886380901
CHMP5,217.21038805395716
NFX1,87.06629288738364
AQP7,69.56215908562396
AQP3,130.31916311419965
NOL6,115.5808771487994
ANKRD18B,82.32030450228646
PRSS3,68.11337106734587
UBE2R2,156.2856271469969
UBAP2,122.77637422311685
DCAF12,73.65401648065722
UBAP1,119.47888566644252
KIF24,101.12723160846895
NUDT2,68.90721146570803
KIAA1161,160.3591571974846
C9orf24,120.75736498174288
DNAI1,161.86122628320746
FAM219A,150.86660424212545
ENHO,185.2574557932012
CNTFR,164.04564572661107
RPP25L,93.22890600667455
DCTN3,169.80369459436582
ARID3C,105.35842878190593
SIGMAR1,160.91212923205077
GALT,172.233961668814
IL11RA,119.77030036364289
CCL27,76.20730266561651
RP11-195F19.5,167.1772774245282
CCL19,110.40305741000509
CCL21,99.15762699171421
PHF24,110.28983591250784
DNAJB5,165.03670529224152
C9orf131,114.31735496187963
VCP,112.06961810821821
FANCG,112.75603056978349
PIGO,113.13320385081798
STOML2,199.4436165960194
FAM214B,123.52750367300897
UNC13B,101.36910032102676
RUSC2,108.35242876134922
FAM166B,153.28843891279416
TESK1,130.20612108864185
CD72,61.127397744409706
SIT1,61.73869353959506
CCDC107,95.33846827738529
ARHGEF39,100.6284613932273
CA9,54.75532173411872
TPM2,122.82386258039071
TLN1,241.07419585371855
CREB3,145.4516636074318
GBA2,165.26661029908522
RGP1,82.19480678375518
NPR2,116.69106963364038
SPAG8,175.1855163978816
HINT2,143.83357413866275
TMEM8B,88.59117201701119
FAM221B,68.50588923511646
OR13J1,62.05145379219633
HRCT1,58.56870348461308
SPAAR,82.84534544234774
RECK,83.16399289984707
GLIPR2,88.12643702408096
CCIN,67.24710901239939
CLTA,200.0949224422294
GNE,93.5707385830589
RNF38,119.356100515722
ZCCHC7,72.77978352595485
GRHPR,111.85595432702476
ZBTB5,78.99313587250953
POLR1E,95.37776979194945
FBXO10,130.22682038700393
TOMM5,158.7584595575945
FRMPD1,136.78754988061692
TRMT10B,64.12191872898634
DCAF10,67.50632322727625
EXOSC3,50.66433814836222
SLC25A51,73.25960790355438
SHB,92.00504781598929
ALDH1B1,98.41403080427631
IGFBPL1,66.85857538149381
ANKRD18A,42.61021225345925
CNTNAP3,136.4837784975532
FOXD4L6,64.40765702099262
CBWD7,59.619031613478825
CNTNAP3B,47.36014516494416
CH17-296N19.1,56.75414256811979
ANKRD20A4,44.72380689879563
CBWD5,53.48228760096333
FOXD4L4,90.91070070203716
ZNF658,87.67905131761529
ANKRD20A1,37.550304292223075
CBWD3,60.96585299039364
FOXD4L3,70.85548963191579
PGM5,133.85791630805824
TMEM252,43.203940153642776
PIP5K1B,204.75465308323646
FAM122A,69.72054742995635
FXN,85.66164975056623
TJP2,106.17965890766436
FAM189A2,184.73212416595752
APBA1,162.37528063514796
PTAR1,152.0617051428128
C9orf135,93.01090595265944
MAMDC2,71.53267141541781
SMC5,90.79178311677208
KLF9,224.8571719208005
TRPM3,230.4694058351232
TMEM2,178.43743649701145
ABHD17B,107.67692521376253
C9orf85,77.48303987707973
GDA,143.94431208499395
ZFAND5,133.62283221207804
TMC1,77.54798606032966
ALDH1A1,181.8656136472586
ANXA1,172.52994405403973
RORB,186.43287347408153
TRPM6,140.48403237894658
C9orf40,82.63530496324674
CARNMT1,182.26063801457252
NMRK1,68.26682889731799
OSTF1,134.83693467537597
PCSK5,96.75773920147589
RFK,184.19586598511438
GCNT1,134.70263102813084
PRUNE2,124.31282231728414
VPS13A,73.27320230548756
GNA14,130.79695083402754
GNAQ,128.55124195176577
CEP78,188.8743394741287
PSAT1,126.23560154059132
TLE4,155.2735325801928
TLE1,159.2045231549565
RASEF,62.8172839834634
FRMD3,188.48895511518793
IDNK,142.43400052071948
UBQLN1,118.72605270924134
GKAP1,122.37578203883206
KIF27,63.97786635179432
C9orf64,88.52169920798374
HNRNPK,133.32064332720532
RMI1,94.26791617883646
SLC28A3,88.42252520796933
NTRK2,100.47136471605731
AGTPBP1,116.9981935418312
NAA35,100.74706130124977
GOLM1,137.590344224982
ISCA1,164.25803791153152
ZCCHC6,186.33846660449893
GAS1,94.5071742072177
DAPK1,91.42436466904084
CTSL,102.74775710661876
CDK20,138.89428212657367
SPIN1,169.20148928422742
NXNL2,51.50342012047753
C9orf47,77.70244794166985
S1PR3,156.6471364114266
SHC3,239.14118550080565
CKS2,123.23284623158341
SECISBP2,140.55348077661137
SEMA4D,147.59199753045164
GADD45G,173.07464001993014
DIRAS2,133.37371191669052
SYK,111.99446416512097
AUH,86.5286888681477
NFIL3,126.50870694324891
ROR2,99.28265160739141
SPTLC1,98.57787414952054
IARS,135.88504815632334
NOL8,75.50246379919474
CENPP,73.69799652549386
OGN,143.94511633391483
OMD,115.60271045840886
ASPN,118.1686056411651
ECM2,213.77366582318882
IPPK,61.96745149980944
BICD2,82.01289751384351
ZNF484,100.62330460568725
FGD3,155.3135220604054
SUSD3,100.34435327008714
CARD19,70.05009980028026
NINJ1,134.5768023583243
WNK2,154.8811142558371
C9orf129,91.67574256921105
FAM120A,135.5886653799665
FAM120AOS,83.65643358089628
PHF2,100.4921538527405
BARX1,74.88919347675889
PTPDC1,274.12917137977996
ZNF169,96.53650538060282
MFSD14B,152.43787156008634
FBP2,99.02813931469623
FBP1,76.43191881348972
C9orf3,116.00602398336693
FANCC,64.5457611493488
PTCH1,122.24931054845021
ERCC6L2,52.51445773715628
HSD17B3,171.98682613289765
SLC35D2,95.01798516651411
ZNF367,112.95437448856899
HABP4,133.53353051963754
CDC14B,90.37074351817452
AAED1,85.56130423950313
ZNF510,136.79404701221762
ZNF782,95.8268909295387
MFSD14C,86.94066609276845
CTSV,92.84063303642543
CCDC180,73.54350811053658
TDRD7,98.49668818537023
TMOD1,115.39072445942722
TSTD2,99.95719536546417
NCBP1,64.9410190793337
XPA,130.2532974235817
TRMO,84.69557646112875
HEMGN,67.99675750778903
ANP32B,157.0853637186957
NANS,70.84008824895778
TRIM14,100.88505660754538
CORO2A,150.71686492218035
TBC1D2,86.03718783844403
GABBR2,215.83077346649304
ANKS6,69.63366944787697
GALNT12,83.10316665111259
COL15A1,126.70595290672239
TGFBR1,128.11296596354867
ALG2,115.73253198811574
SEC61B,123.09843136331918
NR4A3,142.27585311744681
STX17,61.01540919988304
ERP44,114.56960689475994
INVS,90.0922647006114
TEX10,73.52405592137606
MSANTD3,66.56097537806403
TMEFF1,208.23088793268045
MURC,85.91009412835044
PLPPR1,140.85655061221243
BAAT,92.45745797602831
MRPL50,91.9079319056801
ZNF189,193.06822444109815
ALDOB,88.82274503791993
TMEM246,168.70556850851568
RNF20,181.07207832678796
GRIN3A,138.13868857194495
SMC2,72.41193454116163
NIPSNAP3A,93.61796790109202
NIPSNAP3B,75.85738690451649
ABCA1,118.78776523384627
SLC44A1,209.0629462731813
FSD1L,111.79677575533589
FKTN,128.791491142398
TAL2,59.35098380605788
TMEM38B,75.35513325621531
ZNF462,101.49081949759815
RAD23B,178.2116587985618
KLF4,133.1132800838473
IKBKAP,92.98832952277317
FAM206A,86.72825945739518
CTNNAL1,117.00392805646831
TMEM245,79.01038670797149
FRRS1L,222.2126199526998
EPB41L4B,136.11004691359156
PTPN3,95.15838089235476
PALM2,155.5661949747293
AKAP2,195.0332758822816
TXN,93.86056853727615
SVEP1,60.01798109576882
MUSK,67.39255514214011
LPAR1,233.70034952597143
OR2K2,66.14698341833622
KIAA0368,153.0945903443543
ZNF483,84.42222988103669
PTGR1,123.04787402029243
DNAJC25,64.71374386375317
GNG10,89.24604608364581
UGCG,116.3418917601478
SUSD1,81.6414781760017
PTBP3,81.54688006267807
HSDL2,201.8967501268188
KIAA1958,87.58106221749708
INIP,85.25504798470314
SNX30,131.49167875574562
ZNF883,96.97052106722907
ZFP37,60.31943035326296
SLC31A2,79.87574412447285
FKBP15,118.62244442994472
SLC31A1,175.4981487564188
CDC26,64.76643794342024
PRPF4,90.48301018179868
RNF183,84.08766253645359
WDR31,86.4953275936646
BSPRY,131.345966375204
HDHD3,81.32099007773493
ALAD,129.18916855730643
POLE3,153.7713497892198
C9orf43,79.80323617408513
RGS3,180.80351837943465
ZNF618,104.94943567268649
AMBP,70.43806393725288
KIF12,113.48702546798168
COL27A1,137.63686993095885
ORM1,70.95030924135747
ORM2,68.22056851637069
AKNA,121.74158322616813
WHRN,59.880372453484114
ATP6V1G1,164.20272424362997
TMEM268,100.0828151490802
RP11-402G3.3,46.680756832236824
TNFSF8,81.54042428791561
TNC,215.00266891192183
TRIM32,106.26809998606902
ASTN2,147.8648189186951
TLR4,154.61145282287342
BRINP1,145.7546149781437
CDK5RAP2,165.25931226805267
MEGF9,148.13305168363956
FBXW2,83.88826217943188
RP11-27I1.4,73.63585059031269
PSMD5,76.27293436193332
PHF19,226.46126150615396
TRAF1,105.22985965314942
C5,89.24226860419566
CNTRL,129.30194169250012
GSN,124.10503992802003
RAB14,103.03406780892996
STOM,142.2107035009963
DAB2IP,144.33545513207469
TTLL11,116.65138091434221
NDUFA8,184.011729767852
MORN5,67.65595278449803
LHX6,205.61621863427354
RBM18,96.09985672457049
MRRF,124.75593678395825
PTGS1,151.5747099554689
OR1L8,113.37391189398468
PDCL,74.82242000457964
RC3H2,161.43603962048462
ZBTB6,89.25838080790481
ZBTB26,87.67060267325019
RABGAP1,135.73100391459118
STRBP,150.34985099082363
CRB2,155.72259577131715
DENND1A,183.12488023250734
LHX2,214.03506692184402
NEK6,125.58775521866852
PSMB7,181.04624679935986
ADGRD2,107.76256258752821
NR5A1,69.94006860120416
NR6A1,149.30785011695747
OLFML2A,106.1038106940342
WDR38,118.99006819337868
RPL35,243.80505000268812
ARPC5L,114.88835975387903
GOLGA1,87.3098509206917
SCAI,96.73328684232092
PPP6C,110.57195877459904
RABEPK,110.40569781300249
HSPA5,204.5095482086739
GAPVD1,123.00509535829406
MAPKAP1,168.24641512841453
PBX3,198.0963817024899
MVB12B,139.22088251372605
ZBTB43,109.8916341273569
ZBTB34,126.26623229933938
RALGPS1,118.70003269167393
ANGPTL2,176.29233057130563
GARNL3,98.11991346484027
SLC2A8,88.53971039515261
ZNF79,88.12349973675833
RPL12,161.30419088457015
LRSAM1,89.64743529154052
FAM129B,122.57782495904675
STXBP1,142.81921864343917
CFAP157,151.90819469482403
TTC16,169.81257350191242
PTRH1,161.27619051596344
TOR2A,90.28885294849562
SH2D3C,112.37204176809078
CDK9,142.94938328601881
FPGS,182.83984299645053
ENG,226.1270617545573
AK1,132.17640243904773
ST6GALNAC6,143.87600606124576
ST6GALNAC4,143.06976591478576
PIP5KL1,51.29185988531677
DPM2,66.32427674447868
FAM102A,221.41992024413616
NAIF1,64.05457703221015
SLC25A25,132.4218837110756
PTGES2,126.57372378676149
LCN2,113.73160963082029
C9orf16,137.44098666274184
DNM1,164.76924256463224
CIZ1,112.17091872901892
SWI5,100.20605899725462
GOLGA2,197.0191375269992
TRUB2,200.69827641730632
COQ4,121.94013889978365
SLC27A4,106.21737006815826
URM1,116.76449460597513
CERCAM,95.62362400030216
ODF2,82.19351365745962
GLE1,92.94398170722326
SPTAN1,134.97292958222016
WDR34,113.60394079801313
SET,170.974371403055
PKN3,187.70684742886624
ZDHHC12,109.34501762391429
ZER1,105.18953951800484
TBC1D13,215.14227073128865
ENDOG,269.08459833685225
SPOUT1,129.77025986429948
LRRC8A,110.07534808466764
KYAT1,124.7167047798851
PHYHD1,126.02562964283828
DOLK,111.92447579821379
NUP188,138.10679078870177
SH3GLB2,189.35787299320538
MIGA2,89.98870052458287
DOLPP1,92.04809425841512
PTPA,195.3336869268303
CRAT,155.61678912485075
IER5L,171.6510261349424
NTMT1,73.25973696735923
C9orf50,92.2264305549798
ASB6,109.92631576661091
PRRX2,64.7754409533849
PTGES,84.19371659320322
TOR1B,51.83440112786522
TOR1A,73.00635374206513
USP20,148.15677361225096
C9orf78,122.23654091711867
FNBP1,185.67484135372848
GPR107,152.4201944463223
NCS1,211.90478021854642
HMCN2,112.98583519637003
ASS1,116.27582452719324
FUBP3,127.1166663814746
PRDM12,74.14716417445555
EXOSC2,91.11408548182806
ABL1,180.01295548664564
QRFP,74.27146010913268
FIBCD1,100.65960710204612
LAMC3,167.62968102841123
AIF1L,122.15686702089349
NUP214,133.2707474094709
FAM78A,118.92756887904113
PLPP7,59.64157914851603
PRRC2B,229.4901996618882
POMT1,58.47111383061872
UCK1,71.87049457430123
RAPGEF1,207.0877400672418
MED27,72.37967317418125
NTNG2,111.42720975970059
SETX,146.259893740074
TTF1,122.79228139741952
CFAP77,122.99585454095902
DDX31,118.11037442205398
GTF3C4,81.50830697630096
SPACA9,80.02578905097332
AK8,77.15582769803049
TSC1,138.33123239761193
GTF3C5,179.16439986934262
CEL,89.04754558728024
RALGDS,124.63286495834333
GBGT1,72.32198259219336
ABO,132.28199196800898
SURF6,116.26254284647007
MED22,127.50139709762377
RPL7A,228.58855053167412
SURF1,38.842720619132336
SURF2,105.03805148770351
SURF4,160.66722465012924
STKLD1,55.038000211039815
ADAMTS13,92.01501462380816
REXO4,50.124756944231876
CACFD1,100.61908570043147
SLC2A6,139.3101903925779
TMEM8C,53.68283459816058
ADAMTSL2,132.77009816372427
FAM163B,174.63309161901913
DBH,71.59712424834163
SARDH,70.10284410579459
VAV2,82.84278502173876
LINC00094,91.41617254554797
BRD3,127.35195718040274
WDR5,115.5938367060788
RXRA,170.97679563619295
COL5A1,104.44688248867143
FCN2,58.898530994187695
FCN1,148.78607417939483
OLFM1,179.24640414000794
PPP1R26,143.74649113294356
MRPS2,118.96867319260568
C9orf116,100.11620394351118
LCN9,72.5847584765826
SOHLH1,209.72718699665063
KCNT1,102.21618895706834
CAMSAP1,118.21430941382317
UBAC1,70.44096877355659
NACC2,161.1559016089396
C9orf69,101.2341432764025
QSOX2,94.67998739247886
CCDC187,58.669391885334164
GPSM1,101.41171470957286
DNLZ,98.00223450188716
CARD9,92.4627142911896
SNAPC4,83.86022122635512
SDCCAG3,117.2501450385185
PMPCA,145.1291136785386
INPP5E,102.62784307047474
SEC16A,154.66629021593565
NOTCH1,180.4109070280412
EGFL7,166.75541342646895
AGPAT2,102.29315155912366
FAM69B,96.92363089613804
LCN10,82.92171530864931
LCN6,103.6710324308495
LCN15,45.39380046254689
TMEM141,184.8637313277203
CCDC183,89.00772730547044
RABL6,161.14025820002746
C9orf172,172.7609302663088
PHPT1,176.4849836055555
MAMDC4,128.82366733325634
EDF1,156.2300910155119
TRAF2,76.99880944586778
FBXW5,198.53615356798804
C8G,63.080747012893255
LCN12,77.5657047278506
PTGDS,134.82962344293708
LCNL1,120.01038965749956
C9orf142,110.0618668811951
CLIC3,125.39236400562183
ABCA2,205.97810318709816
FUT7,81.4874373288244
NPDC1,120.47492691518718
ENTPD2,269.5379446916236
SAPCD2,198.11860409967062
UAP1L1,141.99666368011742
MAN1B1,127.53752823644766
DPP7,64.11528384963296
GRIN1,187.12475409724246
LRRC26,89.66638874617499
ANAPC2,191.15079023101066
SSNA1,125.28319265070516
TPRN,144.64999314587334
TMEM203,100.6878499606162
NDOR1,139.02354901765375
RNF208,163.86148604129713
CYSRT1,63.39366442786459
RNF224,73.62352666242398
SLC34A3,65.1979593099638
TUBB4B,115.37255221900611
FAM166A,60.07395693871729
STPG3,84.48089025076234
NELFB,104.3273818809306
TOR4A,127.33947964938065
NRARP,173.45900203796856
EXD3,59.79652006274881
NOXA1,151.07028020950025
ENTPD8,43.20793142383073
NSMF,267.59349508609773
PNPLA7,70.84827037890443
MRPL41,191.09092803523444
DPH7,154.86677203724446
ZMYND19,118.53283214346521
ARRDC1,71.98502833242435
EHMT1,162.68571414494323
CACNA1B,132.49682733220254
TUBB8,62.45188885391738
ZMYND11,144.75526238358506
PRR26,131.7173119003713
DIP2C,104.22123239669071
LARP4B,97.79548965913887
GTPBP4,129.2122938024875
IDI1,120.10353864957054
WDR37,149.28250512991747
ADARB2,53.818598430122904
PFKP,114.89956914778531
PITRM1,60.24859317945243
KLF6,196.53887856736014
AKR1E2,58.85926017546896
AKR1C1,89.2755617129317
AKR1C2,93.62382014365423
AKR1C3,183.01933034358194
TUBAL3,79.15831727345793
NET1,229.77865504688805
CALML5,142.12772964084678
CALML3,76.642117276379
ASB13,83.37113277940503
FAM208B,122.22083305436968
GDI2,89.59562448218895
ANKRD16,69.27384710214875
FBXO18,81.16515448215489
IL15RA,115.69531391290607
RBM17,115.82046634770742
PFKFB3,201.3862018126864
PRKCQ,136.41662374684643
SFMBT2,130.19738024458655
ITIH5,194.84742463645296
ITIH2,182.77355952880086
KIN,89.8079091049083
ATP5C1,209.5566322367074
TAF3,108.3936657331277
GATA3,121.80195977259262
CELF2,138.45677529886456
USP6NL,64.70555115193866
ECHDC3,79.47243773413163
PROSER2,97.09145290241509
UPF2,99.42127695282522
DHTKD1,77.98989459756498
SEC61A2,73.48583645642083
NUDT5,85.03613586228781
CDC123,84.88703129234005
CAMK1D,227.6437613687711
CCDC3,71.97521641057816
OPTN,160.75146559255126
PHYH,80.203171160251
SEPHS1,99.4698437481066
BEND7,70.41921454216518
PRPF18,96.26930757528766
FRMD4A,133.9456141054112
FAM107B,121.78743971710156
HSPA14,89.04136239292484
CDNF,108.60674507553787
RP11-398C13.8,61.51110083645588
SUV39H2,108.58654047570684
DCLRE1C,107.81651437484166
MEIG1,69.72566150911632
OLAH,88.20055990229466
ACBD7,136.09751540257446
RPP38,49.73262646405041
NMT2,101.68244600942535
FAM171A1,172.07069523253068
ITGA8,162.1600448461029
MINDY3,130.64415543359962
PTER,83.12960335056164
C1QL3,78.6497862386266
RSU1,98.75906624940984
CUBN,105.97723005216653
TRDMT1,105.09324991932658
VIM,148.52804290740448
ST8SIA6,123.26284559046931
HACD1,80.85608716959845
STAM,78.29963939596541
MRC1,140.53402337405657
SLC39A12,166.4535747700662
CACNB2,167.73792214975367
NSUN6,114.53124693246306
ARL5B,109.85080888056916
MALRD1,33.06866805618705
PLXDC2,92.6871011791589
NEBL,187.7395370372593
CASC10,176.37317399941236
MLLT10,91.93239572443309
SKIDA1,76.23550559644104
DNAJC1,84.61702145651222
COMMD3,103.11267803059883
BMI1,104.03578144844164
SPAG6,131.82714334364212
PIP4K2A,128.85906968497773
ARMC3,134.77549980279227
MSRB2,109.85071485170843
PTF1A,80.50226510344791
C10orf67,88.50410946270566
OTUD1,142.44657392620786
KIAA1217,80.87005585440781
ARHGAP21,148.86224044878753
PRTFDC1,63.716664549686044
THNSL1,105.5861351691587
ENKUR,188.9894166824651
GPR158,158.20045219151797
MYO3A,93.48991438496776
GAD2,227.36891535237254
APBB1IP,133.52308676237823
PDSS1,98.56273542079256
ABI1,128.33232067410788
ANKRD26,92.99534073987957
YME1L1,72.60171341768086
MASTL,105.77902536380202
ACBD5,96.4268455378398
RAB18,204.1511426044916
MKX,59.611892826810276
ARMC4,139.95351333137012
MPP7,95.75204227020515
WAC,165.1386369042843
BAMBI,148.74029727612907
SVIL,110.93049295909384
KIAA1462,204.46829230644897
MTPAP,141.8702774914834
MAP3K8,94.8727623050728
ZNF438,91.06855877999618
ZEB1,237.1357119284575
ARHGAP12,114.28818149549662
KIF5B,190.873973340127
EPC1,106.96063960643272
CCDC7,74.86551661880574
ITGB1,175.97495808842552
NRP1,147.0810058176814
PARD3,64.38127824812926
CUL2,110.19447204535402
CREM,138.45698743119226
CCNY,117.2829691300445
FZD8,138.28424736693327
ZNF248,134.31598892658013
ZNF25,75.51369955521773
ZNF33A,95.82548496747691
ZNF37A,98.57033297448763
ZNF33B,101.16905290261386
BMS1,136.58152738482516
RET,119.75312402809348
CSGALNACT2,95.94644890341269
RASGEF1A,101.40486089333612
FXYD4,61.50114457684819
HNRNPF,166.8983919505843
ZNF487,83.21363837979516
ZNF239,78.77899192167817
ZNF485,96.29102185589016
ZNF32,131.35441881636902
C10orf142,62.255742441477565
CXCL12,154.41037664826607
TMEM72,75.31459367167764
RASSF4,132.7882410332973
C10orf10,90.31978424822643
ZNF22,92.63732148878671
OR13A1,58.37346812833289
ALOX5,91.41206771168291
MARCH8,111.50405663121009
ZFAND4,83.7209307174497
WASHC2C,84.00411891289343
AGAP4,57.01450278790895
TIMM23,124.64726609122059
NCOA4,81.07298773144379
GPRIN2,78.56374209211583
SYT15,75.30198085711643
PTPN20,53.316986328254586
GDF10,104.23295533199317
RBP3,56.90136036414876
ZNF488,83.44351798764365
AGAP9,47.67012696773122
ABC7-42404400C24.1,64.15602127107888
FRMPD2,145.28780105327223
MAPK8,115.16884567344351
ARHGAP22,167.33136834114808
WDFY4,93.48448251940724
LRRC18,122.67548394316736
VSTM4,110.1677492189944
C10orf128,79.72306556629215
ERCC6,87.43888748554966
CHAT,225.037429304055
SLC18A3,250.42529835912586
OGDHL,141.08955458274883
PARG,54.752734612592945
TIMM23B,65.34563579461135
AGAP6,83.9304250481159
WASHC2A,83.91776283981221
ASAH2,53.697755759024716
SGMS1,181.5342138785782
ASAH2B,86.97081336843635
PRKG1,63.59263720022966
CSTF2T,143.30271471997497
DKK1,119.19550582447778
PCDH15,260.416064533482
ZWINT,73.84734726180298
IPMK,121.92181470659011
CISD1,120.02886145031925
UBE2D1,114.69634972727886
TFAM,72.23528818470439
BICC1,107.27768038625109
PHYHIPL,139.80204605071708
FAM13C,95.24424079653389
SLC16A9,220.4077120153466
MRLN,67.32386407317364
CCDC6,208.3685972240068
ANK3,132.00580491195345
CDK1,67.50402904897618
RHOBTB1,96.25898162757352
TMEM26,60.68517895589184
C10orf107,86.15898837435915
ARID5B,98.17155906322529
RTKN2,78.9469506095057
ZNF365,169.3541457556979
ADO,63.819577677240346
EGR2,140.6071191804512
NRBF2,71.07002646450712
REEP3,153.1623615227195
JMJD1C,137.07282616360368
LRRTM3,268.9195559620672
CTNNA3,185.0385523400907
DNAJC12,134.69872572816584
SIRT1,91.18428040805858
HERC4,132.33135336954268
ATOH7,70.16894408347142
HNRNPH3,237.19144607495457
PBLD,88.37005870011993
RUFY2,99.77997809393918
DNA2,66.45299009272605
SLC25A16,73.99582481302838
TET1,138.53120272966538
CCAR1,127.729953536485
STOX1,108.53403915347701
DDX50,118.52061148039141
DDX21,129.28569091146534
KIF1BP,127.02823856494126
SRGN,220.7783556132789
VPS26A,95.59362267062167
SUPV3L1,133.43164054911313
HKDC1,128.76852523290333
HK1,110.08361380626405
TACR2,51.26459675821428
TSPAN15,123.97838300203424
C10orf35,134.58579310389354
COL13A1,95.00862535902766
H2AFY2,144.15902098340283
AIFM2,98.89722438467584
TYSND1,123.06140548032661
SAR1A,89.33199219368439
PPA1,121.37217098995106
NPFFR1,107.46873338018605
LRRC20,147.2042966871871
EIF4EBP2,185.70269825203934
NODAL,78.01825742442438
PALD1,150.1067892445149
PRF1,138.38107822304747
ADAMTS14,101.85580495244312
SGPL1,137.4274000128201
PCBD1,143.76516870225242
UNC5B,146.17146808211407
SLC29A3,86.59357459082341
CDH23,61.054512393077346
C10orf105,212.3783104392371
VSIR,123.21709899506479
PSAP,208.2373662990604
CHST3,131.1235329703762
SPOCK2,173.33457300062463
ASCC1,69.37051269264151
ANAPC16,113.83852282722282
DDIT4,245.16095040524704
DNAJB12,105.06073316508343
MICU1,120.35291535673085
MCU,72.32142992269178
P4HA1,176.08757375298808
NUDT13,83.73298058379427
FAM149B1,117.25461979132893
ECD,100.76654862959856
DNAJC9,88.7471857097629
MRPS16,106.93850164600124
CFAP70,110.38046444369127
ANXA7,89.51441852113044
MSS51,106.21480757285039
PPP3CB,64.10813518869023
USP54,129.13942000729526
MYOZ1,116.94006976059407
SYNPO2L,92.97461041369147
AGAP5,70.47009609108505
SEC24C,129.7681137965148
FUT11,140.0098728120783
CHCHD1,115.53932349590906
ZSWIM8,218.7149467694473
NDST2,96.38064685209133
CAMK2G,135.06655797594885
PLAU,103.60303747632182
VCL,195.52245054482998
AP3M1,77.42381547121278
ADK,117.12074425523241
KAT6B,145.29862009498663
SAMD8,94.06248036575391
VDAC2,103.47161419600636
COMTD1,114.90120874888166
ZNF503,96.82800546580262
C10orf11,66.66854540602861
KCNMA1,115.35643208260356
DLG5,103.629591770362
POLR3A,75.00124902406796
RPS24,157.7751508798408
ZMIZ1,128.76335155505927
PPIF,154.06471613650143
ZCCHC24,213.27416590885144
EIF5AL1,64.37484591955479
SFTPA2,61.25217142599874
SFTPA1,65.44494279134514
NUTM2B,80.77834652559469
NUTM2E,77.68397506822026
SFTPD,60.88745036545575
TMEM254,68.3172245646119
PLAC9,100.99082535670698
ANXA11,96.64625712506907
MAT1A,79.53852323568054
DYDC2,88.81876818278738
FAM213A,146.6021130201685
TSPAN14,161.66634290339246
SH2D4B,59.076090688919805
NRG3,125.63357364361624
GHITM,99.16255411462188
CDHR1,86.64340036929258
LRIT2,68.10056286281767
RGR,82.45651084261141
CCSER2,168.1847643447116
GRID1,126.72713487323264
WAPL,104.16668334449193
OPN4,57.211424152588194
LDB3,68.23558576735877
BMPR1A,128.0396918977663
MMRN2,158.28638181129554
SNCG,98.26420378231279
FAM35A,100.4234100644523
GLUD1,159.79314720138552
NUTM2A,44.70881377291522
NUTM2D,97.02970557404106
MINPP1,74.37461685214268
PAPSS2,107.96586819276567
ATAD1,156.26728858833152
KLLN,78.61870902406284
PTEN,163.10472342703952
RNLS,53.96200396897237
LIPJ,72.08862688881092
LIPF,110.08577633472936
ANKRD22,72.94078740365975
STAMBPL1,121.89167233847164
FAS,54.968080877927605
ACTA2,166.3619176277597
CH25H,106.97280437206445
IFIT2,166.01877378686814
IFIT3,191.99139735193953
IFIT1,140.13092683159726
LIPA,132.47570067515062
IFIT5,68.44363168506774
SLC16A12,90.17503794999868
PANK1,105.65017599053874
KIF20B,47.808059623240496
HTR7,151.5215267446549
RPP30,110.51201664729098
ANKRD1,166.43575968364772
PCGF5,161.65472090324033
HECTD2,136.06577581029785
PPP1R3C,184.40713805092463
TNKS2,82.03893673487147
FGFBP3,90.22472148041527
BTAF1,282.63867993632203
CPEB3,180.1472753865769
MARCH5,176.71333996372726
IDE,106.8570592251491
KIF11,77.51358365895646
HHEX,173.50188083521402
EXOC6,103.37137222138253
CYP26A1,245.1557980918504
MYOF,121.17931967603434
CEP55,95.3830986321095
FFAR4,70.36945485624042
RBP4,100.00281893530394
PDE6C,59.86384163132982
FRA10AC1,71.22483383379421
LGI1,257.0672780465369
SLC35G1,123.29686047666291
PLCE1,124.08691690113324
NOC3L,103.25819749057774
TBC1D12,104.48126888160377
HELLS,120.17693301059984
CYP2C8,64.44310563230817
PDLIM1,121.08474762475592
SORBS1,334.1914102051739
ALDH18A1,105.11646387320204
TCTN3,72.47249561630036
ENTPD1,86.46862023688834
CC2D2B,113.54259383225263
CCNJ,120.4477340357725
ZNF518A,130.51503987240673
BLNK,129.05377176657217
OPALIN,216.54690916885392
TLL2,172.04516335352554
TM9SF3,151.31787204391094
PIK3AP1,145.57170431221437
LCOR,92.0081239878104
SLIT1,207.4501282957001
ARHGAP19,93.87327180333034
FRAT1,124.90172388897807
FRAT2,228.12339372245208
RRP12,118.02149049501188
PGAM1,165.78393401523343
EXOSC1,139.14976369477557
ZDHHC16,105.43482241967058
MMS19,122.00125899050698
UBTD1,91.0258434570649
ANKRD2,66.01121797742829
HOGA1,114.01846946117976
C10orf62,37.70962507478666
MORN4,74.45748532939402
PI4K2A,113.14677480835746
AVPI1,144.2336899765906
MARVELD1,101.04279904901438
ZFYVE27,135.42536806517953
SFRP5,49.757572805156116
GOLGA7B,176.35099405974512
CRTAC1,280.10003535271727
R3HCC1L,87.62283464520274
LOXL4,107.76147943532911
PYROXD2,92.32505543659227
HPS1,62.12891536696688
HPSE2,127.74598328698934
CNNM1,153.12672203512187
GOT1,125.11250842251013
SLC25A28,140.5685229578227
ENTPD7,67.7640234462373
CUTC,141.11229733253208
COX15,114.97177634938129
ABCC2,52.65518311312519
DNMBP,126.13227833099336
ERLIN1,86.63151043699602
CHUK,131.17372788150888
CWF19L1,75.01556731367748
BLOC1S2,83.78841685794646
PKD2L1,73.95875254733616
SCD,115.17998171783628
WNT8B,70.52587136203897
SEC31B,169.16322960578782
HIF1AN,100.56622892752003
NDUFB8,167.06433445205272
SLF2,115.03870209919694
SEMA4G,133.19076885824524
MRPL43,101.82350303192214
TWNK,64.69484921959847
LZTS2,169.94538383672784
PDZD7,158.1906272513533
SFXN3,142.07375562281985
KAZALD1,56.37722157744949
BTRC,141.44584632507193
DPCD,138.4721183832449
POLL,142.21025099421632
FBXW4,114.72152023521792
FGF8,66.09728662872382
NPM3,81.29796977254853
MGEA5,163.50918667487866
KCNIP2,169.00453747465008
C10orf76,78.83129573699372
HPS6,70.84670862138637
LDB1,144.50607074129243
PPRC1,156.72902480266777
NOLC1,147.41009109436646
ELOVL3,68.18645242335896
GBF1,171.37352263476356
NFKB2,81.6611471245223
FBXL15,166.8561506179907
PSD,270.7919794840882
CUEDC2,101.81236024747312
C10orf95,51.484526150753936
MFSD13A,97.55154941803329
ACTR1A,96.57513088158058
SUFU,216.41407975939586
TRIM8,204.7325928268936
ARL3,154.4653955423949
SFXN2,103.66577115714585
WBP1L,84.55171660683177
CYP17A1,70.2033498678783
BORCS7,81.30191333102744
AS3MT,126.77476417707851
CNNM2,83.31156789637822
NT5C2,112.81280724299819
INA,163.72317513777836
PCGF6,96.67363375637964
TAF5,79.25265577100885
USMG5,279.08548083137373
PDCD11,114.44933260771742
CALHM2,121.9007774030814
CALHM1,116.90781097010043
CALHM3,66.58456575960756
NEURL1,211.13789676775787
SH3PXD2A,128.57954190333527
STN1,135.203827131735
SLK,129.18268066638606
COL17A1,78.51207540340414
SFR1,69.82007010216441
CFAP43,151.90132882634663
GSTO1,141.79080019031977
GSTO2,69.47036335994005
ITPRIP,176.68445400829353
CFAP58,82.74099449110113
SORCS3,115.68009210153161
SORCS1,265.8788427307627
XPNPEP1,85.94569874501482
ADD3,116.469679037497
MXI1,110.86924549168637
SMNDC1,90.6589934899012
DUSP5,124.99119711989209
SMC3,93.29169830234076
RBM20,106.05180287591426
PDCD4,103.47210413340511
BBIP1,73.26152754350323
SHOC2,78.21156899411275
ADRA2A,120.70734840394377
GPAM,157.810385349493
TECTB,79.51713327412611
ACSL5,209.40364284437146
ZDHHC6,72.46317848071476
VTI1A,83.94870861936727
TCF7L2,117.27491062839329
NRAP,171.72213653585575
CASP7,114.67744464437055
DCLRE1A,87.61453382809503
NHLRC2,144.8269803597414
ADRB1,191.90020199954756
CCDC186,113.42761217921716
TDRD1,63.62819474314932
VWA2,123.42744599445817
AFAP1L2,315.1128088908394
ABLIM1,109.39060252993104
FAM160B1,99.04560619703312
TRUB1,119.3976352438149
ATRNL1,101.49888142830807
GFRA1,88.63989594285206
PNLIP,94.5062992832512
PNLIPRP1,113.71429891642731
C10orf82,74.95993111910764
ENO4,71.25010652097518
HSPA12A,166.2594097948002
SHTN1,236.8220892490192
VAX1,102.6041677105915
KCNK18,63.98426859880166
SLC18A2,46.48342647465199
PDZD8,74.78128339718603
EMX2,135.059612541442
RAB11FIP2,153.60922828975157
FAM204A,169.83649846035797
PRLHR,99.54712226210194
CACUL1,139.19237226154442
NANOS1,182.59399522667957
EIF3A,206.64129899299644
FAM45A,88.78254264111453
SFXN4,46.87138609946413
PRDX3,118.81200411298045
GRK5,257.08546140017904
RGS10,115.53330777409869
TIAL1,129.20469067130298
BAG3,144.0124557299271
INPP5F,164.935728468766
MCMBP,104.70545628659585
SEC23IP,93.51206521734852
PLPP4,95.68109965592978
WDR11,90.05215767892457
FGFR2,99.45554247648482
ATE1,73.82258200440674
NSMCE4A,83.39843330876272
TACC2,133.882147479248
BTBD16,96.60743749352051
PLEKHA1,132.43940945723665
ARMS2,60.94451384672675
HTRA1,135.5162114441456
DMBT1,86.49213939685765
CUZD1,66.7889569675979
FAM24B,66.6980105873186
C10orf88,67.0204003910481
PSTK,90.70745491134792
IKZF5,123.68411843777224
ACADSB,88.53490229174852
BUB3,96.16990439750506
GPR26,55.75766412118483
CPXM2,119.66992617577725
CHST15,152.3330049193562
OAT,144.93351281668546
NKX1-2,90.92790896099316
LHPP,111.01739938213115
FAM53B,183.2234514752281
METTL10,77.37592147652117
FAM175B,72.50043976383617
ZRANB1,105.05469904487407
CTBP2,76.45461517215392
EDRF1,99.42280958108972
MMP21,45.30720686256075
UROS,56.89824321815388
BCCIP,223.40159419676354
DHX32,61.84174957803285
FANK1,103.36878097136201
ADAM12,178.78363212827776
C10orf90,172.1740169820183
DOCK1,100.97920352272007
FAM196A,82.490201115319
CLRN3,55.3539355303231
PTPRE,161.0006569239186
MGMT,47.84575444780518
EBF3,50.732825747414694
LINC00959,60.593283048540655
GLRX3,137.31420138099023
TCERG1L,62.82544544957136
PPP2R2D,109.90448339471308
BNIP3,180.76880082234845
JAKMIP3,81.34572050774929
DPYSL4,119.20030852268201
STK32C,117.66467056622352
LRRC27,108.36531793768245
PWWP2B,155.24024290842846
INPP5A,119.93193091610368
NKX6-2,139.02496936221806
CFAP46,106.18960630040334
ADGRA1,89.81861909048243
KNDC1,182.21307032125395
VENTX,148.47978310224514
ADAM8,94.87804555657505
ZNF511,77.29544658354416
TUBGCP2,99.2368065332077
CALY,224.15664516851746
PRAP1,60.84041555949264
FUOM,84.7377934877569
ECHS1,102.72001072891163
PAOX,63.40370579781268
MTG1,62.72372392650186
SPRN,101.41110493577955
SCART1,82.93150672833463
CYP2E1,76.07861291612923
SYCE1,48.32462751631533
BET1L,121.39316834182884
RIC8A,74.65488231719416
SIRT3,88.69653314639481
PSMD13,64.17007390141592
PGGHG,67.89788570702083
IFITM2,79.30210300436389
IFITM1,166.03811639783322
IFITM3,98.51949791987218
B4GALNT4,116.44541147228136
PKP3,88.7906217246223
SIGIRR,145.03471272505124
ANO9,58.91775602326908
PTDSS2,115.03166889395206
RNH1,84.00302946841552
HRAS,112.16053105474882
LRRC56,92.90018000288671
RASSF7,106.32314976477545
LMNTD2,118.22199228852426
PHRF1,134.8732387732362
IRF7,124.47022435186918
CDHR5,118.23493878645303
SCT,64.5644007300389
DRD4,143.2170219907526
EPS8L2,109.20969040982285
TMEM80,71.08286712516701
DEAF1,127.84832520478392
TALDO1,117.47358410591275
PDDC1,115.2878888644743
CEND1,225.99167676167457
SLC25A22,163.0135360023353
PANO1,72.0030515550707
PIDD1,132.57054012223512
RPLP2,200.39011094238109
PNPLA2,169.78337686619253
CRACR2B,70.06601937195404
CD151,70.98282469981388
POLR2L,163.17512582122575
TSPAN4,166.45869485737296
CHID1,143.20041123866372
AP2A2,121.27386798134961
MUC6,133.59519666534874
TOLLIP,72.64746094706888
BRSK2,121.61184222322981
MOB2,130.06905501344693
DUSP8,196.7261411216969
KRTAP5-1,76.67493450193248
IFITM10,186.8082540379674
CTSD,112.64276275040305
TNNI2,112.836036348302
LSP1,149.69548493559003
PRR33,78.59295646362173
TNNT3,116.8172404585932
MRPL23,61.459991238135075
IGF2,120.05800743458178
INS-IGF2,57.10224348211159
TH,149.81242772331962
ASCL2,96.45538536930133
TSPAN32,66.35596626217713
C11orf21,126.3351209577315
CD81,256.7197731276483
TSSC4,104.66600780671342
TRPM5,68.18685975488748
KCNQ1,77.75655285815478
CDKN1C,138.65956953745524
SLC22A18,52.10051516505905
SLC22A18AS,50.85158872231321
PHLDA2,90.87063980286945
NAP1L4,190.89440936056934
CARS,169.59264737755723
OSBPL5,81.9712085181774
MRGPRE,91.23583248506301
ZNF195,80.69599104771169
ART5,90.44161321684518
ART1,46.33813646523288
CHRNA10,81.61323613838371
NUP98,158.52217346919187
PGAP2,115.2931842440872
RHOG,122.35447718049824
STIM1,104.68361750438851
RRM1,78.3229526837107
TRIM21,128.0724403625263
TRIM68,70.49982193814523
OR51E1,136.08326075724665
OR51E2,108.54782328065065
HBB,97.74673243096387
HBD,76.9729218003765
HBE1,77.45354193287659
UBQLNL,89.82110239369672
TRIM6,63.47436772145687
TRIM34,144.8372333020841
HBG2,69.38030010245461
TRIM22,128.10778224015573
OR52N4,57.37061692374547
TRIM5,109.38255654192105
C11orf42,86.8259758705762
FAM160A2,107.41137335221902
CNGA4,100.32722577895993
CCKBR,97.96892798799871
PRKCDBP,72.45169971609462
SMPD1,106.27222264154699
APBB1,135.7544820368979
HPX,85.67511542121031
TRIM3,53.86904937403986
ARFIP2,171.88954416520778
TIMM10B,187.6583049921443
DNHD1,147.75819407822797
RRP8,111.23166433884651
ILK,185.68432736959295
TAF10,116.5255302715803
TPP1,98.51861936949848
DCHS1,120.34515544692067
MRPL17,96.64251586985512
ZNF215,125.47133999889309
ZNF214,140.67641475634383
NLRP14,35.209586578508606
SYT9,108.15862848985375
OLFML1,138.19254951147434
PPFIBP2,102.38776323002861
CYB5R2,129.58439400656994
EIF3F,94.92539227618784
TUB,145.68411523659725
RIC3,71.2918488081425
LMO1,119.75381284763225
STK33,101.42974420922278
TRIM66,73.68570869201889
RPL27A,224.0711825223025
ST5,114.7057645802033
AKIP1,137.24878665800983
C11orf16,159.62267860872248
TMEM9B,134.16344089049986
NRIP3,74.56008886548395
SCUBE2,203.80487388584513
DENND5A,195.09255915568644
TMEM41B,120.91077567697124
IPO7,178.35119271315654
ZNF143,97.14041973290216
WEE1,109.41088502466908
SWAP70,114.40440889556464
SBF2,156.5214565079668
ADM,222.98199755784864
AMPD3,53.40553643229845
MTRNR2L8,63.90841095830032
RNF141,96.36875496616756
LYVE1,143.04249353184997
MRVI1,154.80694804107992
CTR9,171.66249508911852
EIF4G2,134.3949769574334
ZBED5,96.68758333726609
CSNK2A3,90.14689146556609
GALNT18,112.8764121250268
USP47,138.87125867156863
DKK3,101.3929279954643
MICAL2,114.17533941817675
PARVA,102.75457103239651
TEAD1,169.44907759771297
RASSF10,146.1653742540728
ARNTL,187.56905344879894
BTBD10,274.49977465043526
FAR1,130.70996035981153
SPON1,120.86590060537327
RRAS2,66.5493591553055
COPB1,137.14224203685262
PSMA1,151.18420225754005
PDE3B,105.10086517844928
CYP2R1,68.76451373390441
CALCB,92.00582094002414
CALCA,61.52353596207146
INSC,108.07464996810725
C11orf58,206.47287874081832
SOX6,216.67525723896352
PLEKHA7,131.68329134866423
RPS13,217.50733614691674
PIK3C2A,120.31582998966226
NUCB2,142.31168837788314
NCR3LG1,93.29689786998713
KCNJ11,108.79859128301072
ABCC8,89.97875500187595
USH1C,177.83572248000627
OTOG,134.0933768892108
KCNC1,131.66178266323038
SERGEF,118.75940748047128
TPH1,45.70281257761704
SAAL1,45.02534422389533
SAA4,90.22727754231934
SAA2,96.68877850750656
SAA1,100.07867625855698
HPS5,101.77351903248405
GTF2H1,74.585826852997
LDHA,172.30005866976185
LDHC,73.3890680009695
LDHAL6A,78.16600350014392
TSG101,83.98736100910307
UEVLD,82.87066176670513
SPTY2D1-AS1,62.23495482024279
SPTY2D1,93.75256589255821
TMEM86A,75.50198735167984
IGSF22,86.26278607869253
PTPN5,228.89622821884024
ZDHHC13,120.31610896890703
CSRP3,141.7671604664505
NAV2,108.55032513246198
HTATIP2,104.25916662410387
PRMT3,73.48201991106203
NELL1,159.23138426468327
ANO5,98.23037672438747
FANCF,55.40645606487931
GAS2,59.49874243221805
SVIP,61.107967054775884
LUZP2,221.2306165705739
ANO3,249.45080712382662
MUC15,62.57045144084498
SLC5A12,74.17794979814354
FIBIN,172.92985548883445
BBOX1,155.02109780983216
CCDC34,149.60111945911945
LGR4,134.42710173580065
LIN7C,112.51224946482421
BDNF,120.48597066355686
KIF18A,56.23925898264008
METTL15,58.78038467275263
KCNA4,125.76373746332573
ARL14EP,59.915743033614035
MPPED2,165.1788255565333
DCDC1,93.45928845673632
DNAJC24,95.09788012722976
IMMP1L,118.5001543757495
ELP4,106.19789354302515
RCN1,111.83378538420433
PAX6,184.51561190774368
WT1,119.50865238099533
EIF3M,117.79828755991286
PRRG4,109.31461473089678
QSER1,117.28825431152146
DEPDC7,134.87872353806887
TCP11L1,75.45484409080882
CSTF3,126.33886235106729
HIPK3,129.918870147726
KIAA1549L,231.68793056723786
C11orf91,67.15263805427483
CD59,99.13521455926639
FBXO3,178.7460819274765
LMO2,124.20928556844859
CAPRIN1,141.0360203511811
NAT10,87.78470966431743
ABTB2,131.2032934495328
CAT,102.47300049209127
EHF,100.26542830364181
PDHX,62.70419897994259
APIP,44.2440140663561
CD44,167.48247593025937
SLC1A2,200.82826445462302
PAMR1,92.1067082912316
FJX1,123.57105437515258
TRIM44,208.54099840143203
LDLRAD3,70.48702595180924
COMMD9,96.90571534204952
PRR5L,72.76167675447536
TRAF6,81.26540942216943
RAG1,79.31984261128983
C11orf74,88.37848645969592
LRRC4C,144.85907384942863
API5,117.95920639687284
TTC17,102.77989503875921
HSD17B12,58.66325367135124
ALKBH3,76.89805643860285
C11orf96,188.2950054454615
ACCS,94.15339488399212
EXT2,81.83702690072477
ALX4,141.82222975755292
CD82,104.04284135766918
TSPAN18,129.63171229344618
TP53I11,89.23102699995891
PRDM11,81.1339491040934
SYT13,161.15191963386127
CHST1,109.20620153148067
SLC35C1,97.2554349455618
CRY2,187.15281492808924
MAPK8IP1,180.53284695919257
PEX16,85.62182045419729
LARGE2,77.3857490955229
PHF21A,135.33147697859624
CREB3L1,185.0391088800107
DGKZ,138.866673551315
MDK,206.33844879343667
CHRM4,128.3071791466194
AMBRA1,96.5459989970636
ATG13,91.742110355824
HARBI1,77.41352927026651
ARHGAP1,141.7081296212753
ZNF408,100.43864059389509
F2,35.9107961724371
CKAP5,155.706047199443
LRP4,135.76055063604295
C11orf49,98.26974452035523
ARFGAP2,104.29608220112254
PACSIN3,102.28474254686694
DDB2,65.13002892705941
NR1H3,153.48015879435735
ACP2,110.20467928090866
MADD,119.82813568967978
MYBPC3,100.69126195909809
SPI1,194.07033935318597
SLC39A13,125.68079959424043
PSMC3,112.57668524094481
RAPSN,62.1360591552081
CELF1,163.45658393521228
PTPMT1,85.279802032867
KBTBD4,102.28178470230674
NDUFS3,135.2218903570593
FAM180B,104.25496812516005
C1QTNF4,207.72857138218487
MTCH2,84.47293537779939
AGBL2,121.32063199057151
FNBP4,82.37169966390098
NUP160,106.12182179180815
PTPRJ,100.50316984370338
FOLH1,131.594272664618
LRRC55,191.8846944348668
APLNR,278.5802298160881
TNKS1BP1,141.93556543827452
SSRP1,177.87017338024134
PRG2,61.68612802033522
SLC43A3,130.32762337177456
RTN4RL2,114.34174812941092
SLC43A1,63.62788085506497
TIMM10,66.86066809258199
SMTNL1,80.70540420273443
UBE2L6,153.84029111148476
SERPING1,184.57748709370583
YPEL4,187.3360562905412
CLP1,99.1224210509003
ZDHHC5,127.34647739003177
MED19,84.01147721895578
TMX2,111.51334163383603
SELENOH,182.45951480359696
BTBD18,65.56618669618453
CTNND1,136.35534150914265
LPXN,117.8522513110274
ZFP91,153.57807478405226
CNTF,89.49440343964127
GLYATL2,81.67108470414124
FAM111A,126.74289703531429
DTX4,75.91910319528992
MPEG1,171.0321244626261
OSBP,119.20209664386067
PATL1,136.689264388878
STX3,126.696806956086
MRPL16,106.99366599184981
MS4A6A,107.36862012525765
MS4A4E,84.97396382517562
MS4A4A,115.31058462965376
MS4A7,140.38950453703868
MS4A14,94.89777557425788
MS4A1,111.71971354766339
CCDC86,71.5677681564361
PTGDR2,177.30305048933792
ZP1,59.471142529684215
PRPF19,149.24374184900483
TMEM109,77.76813142636189
TMEM132A,134.07406426397648
SLC15A3,106.18193440459385
CD6,115.40990317199206
CD5,118.74466130553299
VPS37C,77.30219859993383
PGA5,75.78518874644337
VWCE,80.98431757434378
TKFC,111.31673822716479
DDB1,197.269961609936
CYB561A3,98.99716308310644
TMEM138,120.60635756885807
TMEM216,131.84393069975005
CPSF7,107.58940730190824
SDHAF2,70.70765462252842
RP11-286N22.8,75.00460389551333
PPP1R32,95.65118747173534
LRRC10B,116.54864525033474
SYT7,213.8998466553076
DAGLA,167.2465182355159
MYRF,200.73056366771831
TMEM258,147.83458929349047
FEN1,96.0808493023273
FADS2,127.2001735253451
FADS1,88.44398872815623
FADS3,247.62558461440972
RAB3IL1,100.56024346259332
BEST1,130.68970699847944
FTH1,193.96367932224516
INCENP,141.65808633320353
SCGB1D2,91.56998731125526
ASRGL1,146.84986065340354
AHNAK,100.38243790879028
EEF1G,200.14767099003467
TUT1,121.46387336684711
MTA2,151.53038401190167
ROM1,187.9483213206356
EML3,139.43579127358285
B3GAT3,115.46387894866379
GANAB,102.7068722704208
INTS5,79.43564511471482
C11orf98,72.08602969149612
METTL12,50.73639261054589
LBHD1,78.58858683547984
UQCC3,92.189606316654
UBXN1,137.20871675965833
LRRN4CL,86.51120921817869
GNG3,153.03046753430084
BSCL2,126.89164280914633
HNRNPUL2,264.5455110093038
TTC9C,83.72709928308089
ZBTB3,102.59501458993998
POLR2G,106.78799836469602
TAF6L,171.98340793970064
TMEM179B,56.09998136000905
TMEM223,74.84869946171665
NXF1,126.72305652814771
STX5,114.49131770432598
WDR74,76.90692488912356
SLC3A2,167.8990827250221
CHRM1,118.51610875539848
SLC22A6,101.57736882876765
SLC22A10,52.84196413045049
SLC22A9,73.13003568181952
HRASLS5,112.7400572887365
LGALS12,55.8845963423978
RARRES3,206.97357122003456
HRASLS2,68.43174327991622
PLA2G16,141.83814142482228
ATL3,96.6705749558644
RTN3,227.21170675091906
C11orf95,175.73629013988867
C11orf84,113.38192400167097
MARK2,77.21166496127358
RCOR2,102.00935255235811
NAA40,124.32443096239496
COX8A,143.2830723234796
OTUB1,213.1718922525169
FLRT1,87.58661045205207
MACROD1,102.71853369721015
STIP1,190.46632247537946
FERMT3,129.75990218703188
TRPT1,124.7465587453845
NUDT22,222.45762928101482
DNAJC4,83.96350929531366
VEGFB,186.15368361699686
FKBP2,157.32984862345327
PPP1R14B,174.51950437444333
PLCB3,216.6558977642033
GPR137,166.77030128477105
BAD,135.23502612144924
KCNK4,115.71529826703986
TEX40,78.87577846772899
ESRRA,134.38501505024718
TRMT112,160.9957784591823
PRDX5,171.04761755461405
CCDC88B,88.95192585768362
RPS6KA4,149.93519581075768
NRXN2,151.4975534983701
RASGRP2,164.40889845271917
PYGM,161.94979852201982
SF1,211.59270708477595
MAP4K2,162.14838723337795
MEN1,179.88468659679108
CDC42BPG,59.3955033925142
EHD1,118.3423673411213
ATG2A,153.69967808293063
PPP2R5B,130.0185205170954
GPHA2,102.38979128584373
MAJIN,110.64876182691054
BATF2,158.47982451225428
ARL2,132.49097194913227
SNX15,128.07352603372536
SAC3D1,158.49663973857903
NAALADL1,88.88980919279425
CDCA5,81.29294938110121
ZFPL1,135.26514434908933
VPS51,176.00396931949936
TM7SF2,188.19684164348416
ZNHIT2,39.61336609490087
FAU,276.3465450773316
MRPL49,125.622640361397
SYVN1,114.56857289250775
CAPN1,198.11753044766192
POLA2,85.56784809757127
CDC42EP2,141.87029515889822
DPF2,123.69537526611418
TIGD3,123.69964298137302
SLC25A45,95.01893271775711
FRMD8,135.17252701082515
SCYL1,93.81503638248216
LTBP3,214.8134745086146
SSSCA1,149.87171192691977
FAM89B,109.81613719018188
EHBP1L1,201.56923295946
KCNK7,63.464314294101456
MAP3K11,168.4494389722501
PCNX3,182.67231374793687
SIPA1,98.214712254272
RELA,132.43008493584742
KAT5,130.98992864540753
RNASEH2C,129.18568332364615
AP5B1,89.21581029864888
OVOL1,65.25822933407073
SNX32,79.22377865470645
MUS81,116.7274309453638
CFL1,196.40794978675325
EFEMP2,109.73985175019413
CTSW,117.88626753290947
FIBP,119.47627171318373
CCDC85B,277.50381834567224
FOSL1,93.07095401848937
C11orf68,131.93274813651018
DRAP1,191.92591167167683
TSGA10IP,78.71880844012173
SART1,171.6137740094554
EIF1AD,206.57993718796018
BANF1,181.08771901552308
CST6,116.07374648821465
CATSPER1,104.01684093360566
GAL3ST3,134.53481980930033
SF3B2,193.9353101867673
PACS1,116.91728790874333
KLC2,181.7595264790051
RAB1B,99.01321753006764
CNIH2,177.01139482494602
YIF1A,97.0783774352058
TMEM151A,173.43565720110075
CD248,129.87537364113626
RIN1,106.86616219220576
BRMS1,73.99678569192895
B4GAT1,100.83832492367651
SLC29A2,227.15974129104757
NPAS4,123.93963725048428
MRPL11,89.32941737386426
PELI3,127.28102592950967
DPP3,87.79217628954015
BBS1,171.55442205844793
ZDHHC24,139.531720049183
ACTN3,110.66851305650272
CTSF,102.46311485465807
CCDC87,64.02799727587615
CCS,169.30742944949242
RBM14,155.81856665825677
RBM4,179.90045267806624
RBM4B,80.44836537840771
SPTBN2,211.4331425488845
C11orf80,43.185159096415475
RCE1,117.03914900054676
LRFN4,148.46638066218622
PC,147.9180775124408
SYT12,266.03072750536074
RHOD,53.56583675959155
KDM2A,146.35786288987237
GRK2,211.8121823811636
ANKRD13D,164.95044292464434
SSH3,142.9429743722647
RAD9A,53.36665958887167
POLD4,118.58895382885254
CLCF1,55.98552152182529
TBC1D10C,73.88893998621356
CARNS1,250.42211209741856
PPP1CA,122.10973143758136
RPS6KB2,80.26496709549534
CORO1B,111.19204875893007
CABP4,64.39148204597876
TMEM134,223.48457964382868
AIP,192.7835809533169
PITPNM1,212.96289760683067
CDK2AP2,210.13202088497638
GSTP1,125.51116316408792
NDUFV1,102.14190901003778
NUDT8,112.72938610259098
ACY3,108.38913082457339
UNC93B1,134.02909740131798
ALDH3B1,148.9098040958632
NDUFS8,242.05110024265025
TCIRG1,86.17299368587257
CHKA,133.96854495258503
KMT5B,123.40503158617443
C11orf24,130.30188039545374
LRP5,152.93866916393915
PPP6R3,91.93225234139902
GAL,64.3158449401445
TESMIN,65.06583898809114
CPT1A,166.79837095049817
MRPL21,56.402246414793154
IGHMBP2,101.52571088948343
MRGPRF,198.82608594344137
TPCN2,110.82420715424769
CCND1,130.9655737945144
ORAOV1,63.913731281592334
ANO1,122.20630276670255
FADD,168.8895839093988
PPFIA1,110.38095755623925
CTTN,146.82901576204438
SHANK2,98.79795644008684
DHCR7,207.96285474055344
NADSYN1,70.00214624540968
KRTAP5-7,62.85640345248379
KRTAP5-8,49.68702137872506
KRTAP5-9,68.86618939471902
KRTAP5-10,45.803922244025046
KRTAP5-11,85.48661594159933
FAM86C1,80.73798894653018
ZNF705E,72.8264968609405
RP11-849H4.2,56.583853649425976
RNF121,66.66598642428767
IL18BP,95.42286621457191
NUMA1,189.62473579192238
LRTOMT,137.2395989222975
LAMTOR1,162.93625803059274
ANAPC15,98.55062435752933
FOLR3,102.12636775986113
FOLR1,168.81311591424716
FOLR2,117.80968229794237
INPPL1,215.0943956400584
CLPB,141.93498038052996
PDE2A,105.28600251620531
ARAP1,140.89381471732725
STARD10,112.1941484879363
ATG16L2,127.48076756062176
FCHSD2,170.75821700471477
P2RY2,148.7935671285021
P2RY6,68.52451924147692
ARHGEF17,151.29037757811878
RELT,109.57391027086877
FAM168A,89.6832395205989
PLEKHB1,111.29384612346465
RAB6A,145.29142231641129
MRPL48,80.11548758868784
PAAF1,60.79855399619731
COA4,75.87963493606418
DNAJB13,73.40148814185696
UCP2,80.16004639700046
UCP3,65.22748156463445
C2CD3,202.00655740352386
PPME1,170.2497077227577
P4HA3,55.43857260899563
PGM2L1,224.72126628997597
KCNE3,102.80188427120922
LIPT2,76.73835311097272
POLD3,71.3495226942839
CHRDL2,83.88580768705276
RNF169,88.8684615982751
XRRA1,47.865558264195585
SPCS2,90.4796059947779
NEU3,75.89412952572573
SLCO2B1,189.1624346239584
TPBGL,116.40303143929916
ARRB1,141.7113884621292
RPS3,249.91465647132608
KLHL35,159.32997511883235
GDPD5,161.1633766106886
SERPINH1,181.1144301241632
MAP6,178.4200444064894
DGAT2,178.51492308719628
UVRAG,77.53818553167605
WNT11,102.89157789943664
THAP12,155.55364225254294
RP11-111M22.2,86.42650801365698
EMSY,145.09375258194876
LRRC32,162.1477798715942
TSKU,78.57728535098536
ACER3,85.3876121689213
CAPN5,140.4978177049465
MYO7A,69.47737913722227
PAK1,104.53749759007374
AQP11,69.68203800728631
CLNS1A,100.67324643577598
RSF1,110.79455030226455
AAMDC,66.71107439466292
INTS4,65.45002720751597
KCTD14,77.15688168434855
THRSP,51.45405614056568
NDUFC2,102.70976292505509
ALG8,60.597867254535146
KCTD21,60.70592663723471
USP35,68.13429411240148
GAB2,243.542762057905
NARS2,73.84956602019523
TENM4,136.0607910342569
FAM181B,257.3266922071149
DDIAS,74.97335135144544
PRCP,195.07106445151112
RAB30,156.92976194739578
PCF11,124.80798510065034
ANKRD42,143.96529711430117
CCDC90B,70.50717834272567
DLG2,133.6263029672081
TMEM126B,131.80640004578646
TMEM126A,112.2693149145367
CREBZF,171.89655794760318
CCDC89,105.68771683668851
SYTL2,108.00683552197205
PICALM,186.13598961285925
EED,87.79888674699416
HIKESHI,81.16698791137509
CCDC81,111.79641744045131
ME3,114.55834654358034
PRSS23,86.93646694114057
FZD4,176.07145017829617
TMEM135,123.40870023808804
RAB38,46.23359933168416
CTSC,103.71216275216821
GRM5,97.70655806773411
NOX4,66.68754520754104
NAALAD2,51.484000314205275
CHORDC1,109.20826004303771
FAT3,94.41514391235904
MTNR1B,65.37926182536987
SLC36A4,177.2327631341496
DEUP1,62.19095622604203
SMCO4,70.71520940406319
CEP295,149.31162260459809
C11orf54,41.5821530461167
TAF1D,107.01057259810011
MED17,94.34636704631203
VSTM5,62.1808947341506
PANX1,116.87325133837788
GPR83,192.25602365092692
MRE11,58.34134902570736
ANKRD49,76.01902834679731
C11orf97,143.93733523374493
FUT4,104.78492741348379
PIWIL4,102.24397131980973
AMOTL1,111.27808771839938
CWC15,105.14442990489178
KDM4D,79.812257159859
SRSF8,133.5643828237492
ENDOD1,154.97519375720995
SESN3,189.72951217315284
CEP57,86.51814667320619
FAM76B,179.06382029404972
MTMR2,96.43374766981933
MAML2,91.6329651786383
CCDC82,84.22834851969856
JRKL,79.14692085280763
CNTN5,128.9102597735212
ARHGAP42,130.39821784687643
TMEM133,138.33004659342956
PGR,186.43725805602196
TRPC6,98.9491615867945
CEP126,175.60636029268147
ANGPTL5,71.71112174046786
C11orf70,163.08522249004432
YAP1,151.2922579786699
BIRC3,124.97527408268476
BIRC2,127.62495696695845
TMEM123,159.53931138025945
MMP8,111.31729688642159
DCUN1D5,95.82141915852284
DYNC2H1,129.58539014058076
PDGFD,174.00298398404934
CASP4,180.17821652094565
CASP5,67.68334267937942
CASP1,196.2420337682987
CARD16,128.88316861042722
GRIA4,167.21486649805914
MSANTD4,119.31413590842496
AASDHPPT,202.85515574201077
KBTBD3,97.7033758794214
GUCY1A2,194.78347058067445
CWF19L2,123.28286134806885
ALKBH8,96.1811110743725
ELMOD1,188.22118495024787
SLN,68.5908204926275
SLC35F2,58.78336158988262
RAB39A,69.45051466694261
CUL5,119.48668859023911
ACAT1,108.0750359762543
NPAT,97.87786822258735
ATM,157.42529432761518
C11orf65,65.92198051760016
KDELC2,82.56680949235593
EXPH5,80.35460123181815
DDX10,131.82572758494905
C11orf87,216.35167490520647
ZC3H12C,156.27251786221947
RDX,71.88156204556734
FDX1,124.7591452957667
ARHGAP20,207.46842273464404
COLCA2,137.07600503868827
POU2AF1,96.05590916209198
BTG4,72.61487830331887
C11orf88,112.45851796696519
LAYN,74.49323990556937
SIK2,196.15283182845633
PPP2R1B,90.51432390363183
ALG9,251.62017181273058
C11orf1,182.8409409596938
FDXACB1,75.3216634718988
HSPB2,92.97038618342398
C11orf52,109.55224424238159
CRYAB,188.4075930642519
DIXDC1,223.6492226491398
DLAT,96.96655496814245
PIH1D2,93.17344790599117
C11orf57,108.7513353907502
TIMM8B,119.33270100616087
SDHD,66.21923956924746
IL18,108.77808916145838
TEX12,55.57714946693329
BCO2,76.9687403202947
PTS,140.72452115261777
NCAM1,207.31291419423633
TTC12,62.2574135709998
ANKK1,76.46956805918481
DRD2,225.11226412035052
TMPRSS5,77.31608048793265
ZW10,95.28365786208016
USP28,91.23581384638587
HTR3B,61.34027497709815
HTR3A,205.6566783652296
ZBTB16,254.34969677329525
NNMT,86.04385848390356
C11orf71,95.20160509882231
RBM7,168.3972731213538
REXO2,98.06766761035539
NXPE2,68.1305441082045
CADM1,80.53847552906666
BUD13,58.964602869121364
ZPR1,116.79745776826377
APOC3,84.73450537644618
APOA1,97.69657458986362
SIK3,163.11346291312574
PAFAH1B2,126.40541796375848
SIDT2,145.81107244759772
TAGLN,186.60419446229145
PCSK7,47.190866371153845
RNF214,109.33917214068612
CEP164,102.84103766420529
BACE1,161.52703983581142
DSCAML1,177.90964179463427
FXYD2,90.56034628265587
FXYD6,184.56043834488622
TMPRSS13,62.893914269099355
IL10RA,127.65881046457008
TMPRSS4-AS1,47.975292795173374
SCN4B,133.41493785506574
SCN2B,289.77934040545546
JAML,145.696761688132
MPZL3,60.294692984992025
MPZL2,67.66831870983907
CD3E,131.06931547215538
CD3D,101.77224831003355
UBE4A,99.91783609747662
ATP5L,158.11522876800112
KMT2A,177.52341960657796
TTC36,129.93192860228564
TMEM25,110.65058463804772
ARCN1,134.2053911013652
IFT46,104.75896536035154
PHLDB1,166.5724016363245
TREH,100.31484242144049
DDX6,222.29897102323355
UPK2,91.14034924509716
BCL9L,111.48956553394152
CCDC84,109.99987093204942
RPS25,168.72298487687877
TRAPPC4,81.74770519001436
SLC37A4,95.54235089604902
HYOU1,245.46794145682242
VPS11,79.27319047183155
HMBS,72.58869346029775
H2AFX,198.45860323072162
C2CD2L,149.73923811945127
DPAGT1,81.99979100861395
HINFP,92.40047507605442
ABCG4,87.17158968519249
NLRX1,139.8690587023894
CCDC153,106.99099852166128
CBL,100.8067760694124
MCAM,192.50880639451776
RNF26,64.80397650661209
MFRP,64.3005120017396
USP2,137.26948716599696
THY1,147.49216209419154
NECTIN1,160.38458074972849
TRIM29,84.6343417807484
OAF,134.54272462347154
TMEM136,94.18337800992305
ARHGEF12,191.65172228941157
GRIK4,97.9318834941121
TBCEL,143.70604520796928
TECTA,104.78709068257953
SC5D,141.46002104697516
SORL1,146.20573623642161
UBASH3B,250.2737602641609
CRTAM,42.26983482535911
C11orf63,114.37591823563156
HSPA8,163.21627148620848
CLMP,96.3616576169361
GRAMD1B,125.78134534709662
SCN3B,80.70237539600598
ZNF202,83.03375122297498
VWA5A,100.43518589371348
PANX3,79.50387225593946
TBRG1,93.4051093035595
SPA17,93.41927783296538
SIAE,82.10591271903934
NRGN,165.44564595929975
VSIG2,81.41861735406872
ESAM,192.94451853028676
MSANTD2,112.6835637846541
ROBO3,115.61364960222664
ROBO4,236.81926620142679
HEPACAM,140.72646478147527
CCDC15,88.55418900150167
SLC37A2,91.53256505605049
TMEM218,84.01948108229811
PKNOX2,94.8233777887572
FEZ1,103.97866968344641
EI24,81.13033684144523
STT3A,206.56799654928477
CHEK1,72.934731593451
ACRV1,100.21729302849025
PATE2,71.02887125622829
HYLS1,132.11051202267316
PUS3,110.2833881415919
DDX25,98.20945888236619
CDON,162.61406630758395
RPUSD4,162.20905272238107
FAM118B,83.34551400079613
SRPRA,141.6071573563123
FOXRED1,91.80211399352555
TIRAP,73.84236212509751
DCPS,100.05629206703307
ST3GAL4,80.9120605796198
KIRREL3,151.5047182027609
ETS1,126.92802248649286
FLI1,187.34486221901733
KCNJ1,139.16622835023188
KCNJ5,92.87100275738388
C11orf45,67.23798891616352
TP53AIP1,70.63101044641624
ARHGAP32,197.0857507321137
BARX2,108.48828865175881
TMEM45B,91.81188171210425
NFRKB,69.16555621556296
PRDM10,67.54545430452771
APLP2,157.57313432942453
ST14,84.94198965733898
ZBTB44,132.04081176816283
ADAMTS8,97.47723705909547
ADAMTS15,65.19022858526608
SNX19,61.61408940266199
NTM,147.4383273940463
OPCML,163.87672514184916
SPATA19,66.48558634591632
IGSF9B,129.2691284717319
JAM3,133.38704582617504
VPS26B,157.61032075532486
NCAPD3,102.4162904608196
THYN1,124.44664870132664
ACAD8,107.24980793403799
GLB1L3,93.2937829550304
GLB1L2,117.89750348669469
B3GAT1,115.18496999939862
IQSEC3,164.46720774941596
SLC6A12,201.66711822357098
SLC6A13,132.60008778026753
KDM5A,113.43870321589074
CCDC77,62.50103804456671
B4GALNT3,127.73236523623632
NINJ2,150.5514677507207
WNK1,198.30909019052797
RAD52,124.27361510595293
ERC1,104.06652472101655
WNT5B,88.47782810744303
FBXL14,128.6877872714378
ADIPOR2,166.1911206675642
LRTM2,175.85444939101052
CACNA2D4,50.225946683997904
CACNA1C,66.32292597213439
DCP1B,102.21646219521946
FKBP4,180.53637563932483
ITFG2,96.79816243107496
NRIP2,68.55033159842228
RP4-816N1.8,61.776405587362234
RHNO1,144.82283172244325
FOXM1,89.91671895779314
TULP3,95.33704036710694
TEAD4,71.74739381145824
TSPAN9,80.3899741592576
PRMT8,164.41495889077146
CRACR2A,98.5203834023063
PARP11,110.4573827545187
CCND2,147.76613076247818
TIGAR,67.03199362215071
C12orf4,94.46554188195671
RAD51AP1,65.63630949461643
DYRK4,96.09163142031181
AKAP3,91.39074589183019
NDUFA9,81.11820002930492
GALNT8,116.18703263610473
KCNA1,282.1150414180862
KCNA5,153.63803281219302
ANO2,131.04253190957485
VWF,171.93678833307123
CD9,146.36478641523763
TNFRSF1A,128.53809888070725
LTBR,68.95035367843914
SCNN1A,42.213691732904664
CD27,65.32179429374943
TAPBPL,57.76995059566846
VAMP1,90.03115060642446
MRPL51,116.82954766500958
NCAPD2,98.6635352277915
GAPDH,193.74889105405225
IFFO1,120.84810276474295
NOP2,131.98683546359842
CHD4,175.364002098154
LPAR5,183.4944778298343
ACRBP,66.08502609622397
ING4,115.04632381042168
ZNF384,169.32610193407066
PIANP,289.57482027882435
COPS7A,122.39132032486316
PTMS,245.02596250607877
MLF2,166.0039977294402
LAG3,58.66773883580504
CD4,85.10669500569239
GPR162,192.79768607348979
P3H3,118.6277894597687
GNB3,62.01991022739827
CDCA3,104.22356812301825
USP5,99.2431147859937
TPI1,227.28564207164317
SPSB2,92.77021021779703
LRRC23,120.22648071979157
ENO2,260.0426207433416
ATN1,209.80091021034724
C12orf57,122.61325046485587
PTPN6,145.79444999161652
PHB2,137.75517994873422
EMG1,68.12782341720381
C1S,129.8495931749678
LPCAT3,99.27582201164964
C1R,125.22161622312186
C1RL,128.101111668711
RBP5,67.38898815467232
CLSTN3,206.22608650782206
PEX5,52.787701981823005
CD163L1,114.47073383398882
CD163,137.52850440624343
SLC2A14,89.40831988680259
SLC2A3,201.02010297750127
FOXJ2,109.68001910591192
C3AR1,131.78752532221552
NECAP1,141.09888008260282
CLEC4A,56.87262468739388
FAM90A1,74.23415501923998
CLEC4D,74.57157739214233
CLEC4E,79.72368761147803
MFAP5,118.07491972621227
RIMKLB,163.31335234739356
A2ML1,155.01917984800187
PHC1,149.61779706823881
M6PR,173.97849334116182
KLRG1,49.33123097243205
A2M,126.32155030314743
PZP,101.73670136909442
RP11-726G1.1,97.27111270809365
KLRB1,82.27941287512874
CLEC2D,132.0525653944966
CLECL1,48.36395653014441
CD69,132.72025250382669
KLRF1,61.31866794489258
CLEC2B,121.4315642021555
CLEC12A,61.43619162213565
CLEC12B,91.78411649546427
CLEC9A,181.48487729888194
CLEC1A,66.01808013925287
CLEC7A,76.67792716181697
TMEM52B,109.3518363365836
OLR1,128.57455651870268
GABARAPL1,221.49382934220296
KLRD1,113.72696503656877
KLRK1,103.62178611536791
KLRC4,97.33889080348905
KLRC3,118.47323930166414
KLRC2,75.19005422888657
KLRC1,59.58210689471787
EIF2S3L,61.541984326435795
MAGOHB,77.81480759887404
STYK1,142.19235486806866
YBX3,166.79287044151278
TAS2R10,73.09597156923027
PRH1,49.46192776962366
TAS2R14,66.12385361007111
TAS2R20,82.40297351165933
TAS2R19,58.361553886029526
TAS2R31,64.56005561739192
PRR4,64.68111092129985
SMIM10L1,81.23693408811292
PRB1,74.33476354372345
PRB2,54.851435293272516
ETV6,118.30780200207457
LRP6,207.22507815863776
MANSC1,70.43673062579171
BORCS5,95.74955402133958
DUSP16,156.23295228955465
CREBL2,145.13850403697597
GPR19,137.63311051803836
CDKN1B,159.74856979959122
APOLD1,143.4418588053557
GPRC5A,119.0177734982901
GPRC5D,64.29507932942673
HEBP1,88.96360958534018
FAM234B,151.55393616704018
GSG1,46.10343675321258
EMP1,146.82634667678272
GRIN2B,177.718254084374
ATF7IP,132.53125793897155
PLBD1,115.19902643269918
GUCY2C,84.64943530292436
HIST4H4,52.25806137769146
H2AFJ,174.44803819509173
WBP11,147.48873239102238
C12orf60,89.2982455562838
SMCO3,60.37997341427862
MGP,160.75416938427227
ERP27,57.39290343510987
ARHGDIB,123.79980936236663
PDE6H,54.90603601018586
PTPRO,204.55812726076198
RERG,157.27034851305876
EPS8,156.62900331998165
STRAP,100.33863524072143
DERA,68.25422733390178
SLC15A5,101.37157529490534
MGST1,134.44108287075457
LMO3,175.1352242192396
RERGL,141.06339332759407
PLEKHA5,129.65236275238357
AEBP2,186.54478272992475
PDE3A,110.3225828630546
SLCO1C1,152.39731399108493
SLCO1A2,148.80571365543463
PYROXD1,95.83088764632578
RECQL,67.43387051235163
GOLT1B,110.50833121379856
SPX,162.49066332818586
GYS2,71.26664482377697
LDHB,210.7179710094997
KCNJ8,141.228345376665
ABCC9,60.569168419518604
CMAS,142.2804377576036
ST8SIA1,115.61666589614518
C2CD5,119.32778155223488
ETNK1,147.07876032973246
SOX5,154.56622916304707
BCAT1,129.07802034412754
LRMP,79.2782599575138
CASC1,75.25801003776417
ETFRF1,158.6739581746727
KRAS,126.66093807255805
LMNTD1,163.67866253866626
RASSF8,110.57997780201441
BHLHE41,153.53145719419263
SSPN,136.19453225491606
ITPR2,165.30155773954817
INTS13,79.68542134844
FGFR1OP2,111.10500007310773
TM7SF3,80.88131162587746
MED21,180.21352599559378
C12orf71,54.15451741003676
STK38L,73.9474556161199
ARNTL2,162.6647382266157
SMCO2,71.30019588516262
PPFIBP1,176.95391313551966
REP15,75.82650789313249
MRPS35,117.9521946807763
MANSC4,78.65584137182984
KLHL42,132.76538224116516
PTHLH,224.37474388180573
CCDC91,141.8561854680495
FAR2,82.94282931743626
ERGIC2,109.859088438508
OVCH1,66.65400910845472
TMTC1,190.09576449599479
IPO8,101.13127057312366
CAPRIN2,132.06798916713933
TSPAN11,84.86689433396626
DDX11,63.20784334951267
OVOS2,50.000042454879434
FAM60A,128.12782303937985
DENND5B,89.84567844787153
ETFBKMT,83.24603317247374
AMN1,102.54622816417009
H3F3C,72.51189750893056
KIAA1551,135.82205681240407
BICD1,99.85009149692993
FGD4,167.09185288445548
DNM1L,163.44383242776024
YARS2,143.82103944385057
PKP2,211.05144971677174
SYT10,81.42833896027042
ALG10,51.32316631770021
ALG10B,56.752952074855614
CPNE8,99.97541378045952
KIF21A,118.52435708242089
ABCD2,195.15537891618806
SLC2A13,153.9437202112886
LRRK2,149.38847599304376
CNTN1,131.43857707053525
PDZRN4,74.97197065832242
GXYLT1,93.90280638526573
YAF2,98.7183383002475
PPHLN1,104.88626369864082
ZCRB1,109.72288075678594
PRICKLE1,125.87946841455366
PUS7L,149.67248389091054
IRAK4,61.18258575810583
TWF1,158.05375196650078
TMEM117,107.79184398390146
NELL2,202.71716800540185
DBX2,158.40838379620672
ANO6,125.41600615596167
ARID2,101.72002094958418
SCAF11,106.66563021441343
SLC38A1,99.35909779837968
SLC38A2,127.02987806537783
AMIGO2,126.60882612513927
PCED1B,68.64607400376019
RPAP3,100.03419176720456
ENDOU,168.15887768968253
SLC48A1,196.03691916673318
RAPGEF3,66.82502845854702
HDAC7,156.20185047484244
VDR,28.4347990569199
TMEM106C,119.78693223079341
COL2A1,83.82691565224098
PFKM,195.35829625837334
SENP1,67.40289382277561
ASB8,85.52114914132915
CCDC184,135.0395160294055
OR10AD1,63.69772340066362
H1FNT,54.934320635927804
ZNF641,110.04950025769804
C12orf54,54.772465423576335
OR8S1,61.99911760063995
KANSL2,96.52345647998627
CCNT1,76.71844626629778
ADCY6,168.51852599192736
CACNB3,193.24365632825578
DDX23,127.18347986705473
RND1,144.25358835326614
CCDC65,109.4911543450564
FKBP11,59.82058555784283
ARF3,120.30814136303749
WNT10B,154.28697931522498
WNT1,124.5105031090697
DDN,184.02850746048338
PRKAG1,104.32716685333492
KMT2D,218.85507638430886
RHEBL1,72.7498565756537
DHH,71.15587672375355
LMBR1L,148.24720902153484
TUBA1B,78.2622544455385
TUBA1A,151.3682759466269
TUBA1C,158.09220050009048
PRPH,85.36993551438229
TROAP,60.56232806685438
C1QL4,61.94122784611395
DNAJC22,60.91285864459354
SPATS2,151.2033083251331
KCNH3,139.24631272238756
MCRS1,149.711947280806
PRPF40B,130.77969855906053
FAM186B,50.96144984750964
TMBIM6,110.94544473229749
FMNL3,170.1233924975381
NCKAP5L,145.26845465677678
BCDIN3D,95.96632426316057
FAIM2,256.6058990253735
AQP5,70.01749027623569
AQP6,118.48112648282222
RACGAP1,113.76421872341791
ASIC1,152.1311379747068
SMARCD1,97.42449333903167
GPD1,118.8096261045294
COX14,149.72392543585667
CERS5,106.15151790614718
LIMA1,170.97634224762535
LARP4,97.31894548199264
FAM186A,68.8426800286386
DIP2B,188.68777604558522
ATF1,188.12771561315634
METTL7A,130.7766644241642
SLC11A2,178.12390571568613
LETMD1,114.99278488111591
CSRNP2,80.19755472657232
TFCP2,71.85250187864051
POU6F1,219.7330084079344
DAZAP2,180.69742788652934
SMAGP,111.8167735108918
BIN2,102.41618177535895
GALNT6,88.10026933707164
SLC4A8,143.41868801753776
SCN8A,242.2042143196452
FIGNL2,68.63363119970381
ACVRL1,246.25527115544236
ACVR1B,172.62743249881396
GRASP,121.79422230122213
NR4A1,199.23035430926478
ATG101,163.33978292831154
KRT80,130.11926696103458
KRT7,78.53350321499238
KRT86,65.09772722996297
KRT81,75.45464805707854
KRT6B,108.02381162446227
KRT6A,141.26056891424753
KRT5,146.83297993278873
KRT2,137.9365783969161
KRT1,136.08558260356054
KRT4,144.54398461247584
KRT18,89.97979476272636
KRT8,84.84639704745996
EIF4B,147.10421726511132
TNS2,101.6805137335347
SPRYD3,286.10184373946356
IGFBP6,128.0165606685136
ZNF740,53.85753694898051
CSAD,163.9212344093455
ITGB7,77.92799956520008
RARG,108.27878271025094
MFSD5,113.80668554039943
ESPL1,53.93140970078471
PFDN5,188.7147197430048
C12orf10,219.7755996881604
AAAS,122.67611496136843
SP7,67.97713089469397
SP1,108.40172348513653
PRR13,212.21141723920863
PCBP2,251.62746524327156
MAP3K12,128.53823362440008
TARBP2,92.84536113238818
NPFF,111.82478133646447
ATF7,79.40532674371005
ATP5G2,103.28106524922751
CALCOCO1,110.37134773078381
HOXC4,67.31530144334985
SMUG1,80.25354077432539
CBX5,97.35085781390399
HNRNPA1,134.8572949019881
NFE2,103.33689348405642
COPZ1,91.94189553855918
GPR84,105.97377028464513
ZNF385A,160.3113557141525
ITGA5,118.10510415823589
GTSF1,80.90550672486464
NCKAP1L,111.89516627199015
PDE1B,157.96921594389747
PPP1R1A,135.6355102815872
DCD,139.58653622601017
MUCL1,82.68932161994479
TESPA1,187.3774565497064
METTL7B,70.96683945796755
ITGA7,156.25765910954112
BLOC1S1,114.871190741292
RDH5,91.37130626260117
CD63,128.7705181235442
GDF11,137.07546026496541
SARNP,154.13395199183057
ORMDL2,88.55490854151702
DNAJC14,77.45839803511552
MMP19,71.21607604550275
DGKA,114.58855615580819
PYM1,84.86112989860055
CDK2,112.27995650136774
PMEL,65.40528347223724
RAB5B,151.39599679917137
SUOX,108.14768396160235
IKZF4,127.3322827341236
RPS26,76.95346375352361
ERBB3,202.6929859268096
PA2G4,119.82860642262395
RPL41,231.14795324034583
ZC3H10,70.92349430411153
ESYT1,150.41360039373666
MYL6B,223.85599495903267
MYL6,158.00981491788042
SMARCC2,210.5511737305235
RNF41,122.13661479886957
NABP2,191.5658361057279
SLC39A5,41.92395214308695
ANKRD52,132.8808938888153
COQ10A,93.73147321706486
CS,108.6246203312516
CNPY2,88.09988082491972
PAN2,192.7228603212211
IL23A,57.044404607272924
STAT2,207.12740028232423
TIMELESS,162.42826931485007
SPRYD4,110.21709346663292
MIP,76.8679753050734
GLS2,138.24097384770155
RBMS2,146.4751414139327
BAZ2A,169.40268042528038
ATP5B,183.8583533065539
PTGES3,225.35886913917324
NACA,195.80741224109778
HSD17B6,154.4510901769243
PRIM1,63.13168048101301
SDR9C7,63.094707112868235
RDH16,105.19843357350416
ZBTB39,170.44942199234043
TAC3,165.7170977131911
MYO1A,87.55236484113021
NEMP1,76.55441584768715
NAB2,93.44960298915197
LRP1,160.0498359238487
STAT6,178.15998224054817
NXPH4,98.51376641004055
SHMT2,201.6671492206367
NDUFA4L2,133.7441603742439
STAC3,104.17624101936158
R3HDM2,183.3146576202733
INHBC,51.800301414261156
INHBE,71.22599493109394
GLI1,146.6173791974523
MARS,182.7147208296899
ARHGAP9,119.76431868953756
DDIT3,143.7341998095949
MBD6,110.8856958460714
DCTN2,156.24814012238616
KIF5A,162.9379866672205
PIP4K2C,106.12308089825441
DTX3,138.88536355234822
ARHGEF25,107.79562286453827
SLC26A10,105.63499274661999
B4GALNT1,158.91960364482986
OS9,118.69513847751256
TSPAN31,113.89202210572975
AGAP2,222.46547606452705
MARCH9,93.56826354997335
CDK4,71.79457651934499
CYP27B1,57.996276936741964
METTL21B,78.77131355891203
METTL1,85.94543572685865
TSFM,55.71409998714793
AVIL,197.19834835800486
CTDSP2,167.51777533338986
ATP23,66.14355044524561
LRIG3,96.62174454823327
SLC16A7,82.66728692151642
USP15,151.3981472068539
FAM19A2,129.0596825704912
MON2,99.80052783490345
PPM1H,125.85441769267928
AVPR1A,81.75051686683682
DPY19L2,89.26594125139326
TMEM5,118.65510412725578
SRGAP1,183.2528880523643
C12orf66,97.96112090209957
C12orf56,75.51683842747852
XPOT,111.67178121776604
TBK1,99.38870598513515
RASSF3,89.43756494900364
GNS,88.43337748147505
TBC1D30,93.45404350011609
WIF1,189.38573431413272
LEMD3,108.62427199056626
MSRB3,121.58270585956632
LLPH,106.29697060420551
TMBIM4,93.36416195696393
IRAK3,154.41377200626533
HELB,77.05703605071872
GRIP1,231.33771381623848
CAND1,131.04762214167388
DYRK2,127.6928543996701
MDM1,62.18555104685697
RAP1B,111.30369812521431
NUP107,61.968250532740996
SLC35E3,96.16852781004548
MDM2,88.16137261057528
CPM,154.76121428245983
CPSF6,193.39254927827443
LYZ,119.01333487722965
YEATS4,72.7785776393819
FRS2,154.47472331796314
CCT2,92.49668284202906
BEST3,190.74843998619804
RAB3IP,100.0374189788221
MYRFL,87.65951195176876
CNOT2,102.94837545487354
KCNMB4,134.5965164746885
PTPRB,161.42727696259357
PTPRR,100.86943817635645
LGR5,118.16950652235539
TSPAN8,103.14539156415768
THAP2,127.49389669403641
ZFC3H1,99.62295541683855
TMEM19,85.8552769915973
RAB21,115.83573296594105
TBC1D15,131.14992432844312
TRHDE,95.16915758442389
ATXN7L3B,268.45249215287174
KCNC2,183.41726409801265
GLIPR1L1,74.39279051844184
CAPS2,89.91654913004797
GLIPR1L2,64.5591395414975
GLIPR1,169.91581742738674
KRR1,46.68211491033318
PHLDA1,229.82990854752654
NAP1L1,142.05265356036097
BBS10,87.71398817847219
OSBPL8,352.36804328604256
ZDHHC17,130.0432009526621
CSRP2,54.70158083620234
E2F7,56.489959192863665
NAV3,78.96924599570585
SYT1,167.81787785670048
PAWR,123.37051497241853
PPP1R12A,132.23586744611723
OTOGL,64.6635598180329
PTPRQ,135.45421901863315
MYF6,72.32562917625651
LIN7A,144.41700307728223
ACSS3,102.37019690105433
PPFIA2,115.37496827349403
CCDC59,106.32194337856336
METTL25,91.47336794948447
TMTC2,112.85951305679967
SLC6A15,122.99634873624927
TSPAN19,83.90716506351848
LRRIQ1,179.9643955436763
RASSF9,144.96259388196114
NTS,91.81981816922769
MGAT4C,168.7008532336401
C12orf29,135.74525320284866
CEP290,169.87074605857435
TMTC3,81.15529269186106
KITLG,209.39437616998845
DUSP6,171.44975555981244
GALNT4,98.56554412584813
POC1B,89.41907179936246
ATP2B1,265.89919645413556
LUM,122.23536207510827
DCN,246.79026754894994
BTG1,145.3666379217745
EEA1,151.70675227551573
NUDT4,120.10362511317513
UBE2N,131.0049825682996
MRPL42,121.5142043849225
SOCS2,113.51763741946999
CRADD,79.63070115857852
PLXNC1,181.7703128551375
CEP83,77.50801610026664
TMCC3,133.503238327466
NDUFA12,165.90348295694275
NR2C1,125.82638092177376
FGD6,196.33628121746398
VEZT,128.2948611076222
METAP2,93.8154210212775
USP44,84.13497997944438
NTN4,124.89959779979736
SNRPF,82.94385592485926
AMDHD1,75.1499442097736
LTA4H,85.01910037050487
ELK3,134.6478878024738
CDK17,106.70751133083886
CFAP54,108.66785725503931
NEDD1,72.37090760087051
TMPO,112.93617296509197
SLC25A3,161.42306419947374
IKBIP,76.25038656178387
APAF1,91.23813761714229
ANKS1B,142.2281195244738
UHRF1BP1L,103.5209937026219
ACTR6,105.6904874199075
DEPDC4,92.50039386247184
SCYL2,108.1423050423569
SLC17A8,206.1733468309622
GAS2L3,84.06087544481619
ANO4,104.42213263275517
UTP20,135.52659647942852
ARL1,147.42672026176473
MYBPC1,176.80566975829572
CHPT1,59.00265133727865
SYCP3,65.65232125700524
GNPTAB,139.56948463973407
DRAM1,102.4001392092841
WASHC3,96.03841723305524
NUP37,68.75650940605468
PARPBP,79.57450688815399
IGF1,64.04495618833417
PAH,108.79801453877906
ASCL1,142.85828117896526
NT5DC3,66.80513618046331
HSP90B1,269.9764429333421
C12orf73,66.89690466874887
TDG,100.30881737492192
GLT8D2,81.11084129852361
HCFC2,170.70788919346518
NFYB,171.08108092807743
TXNRD1,118.9211709784378
EID3,102.07522597336924
CHST11,187.71075540573855
SLC41A2,61.99476855151485
C12orf45,102.8754892241758
ALDH1L2,113.76805934853581
WASHC4,188.2775748922288
C12orf75,150.17700269625036
APPL2,120.47186086604506
NUAK1,145.540791092607
TCP11L2,72.7131297719719
CKAP4,90.35289738989286
POLR3B,80.65231933655991
RFX4,155.2987900754344
RIC8B,131.62983269925854
TMEM263,114.2011115793496
MTERF2,103.77166643270206
CRY1,163.85560919168097
BTBD11,124.3815092134345
PWP1,75.47421977133894
PRDM4,115.89757193822314
WSCD2,104.37262337368517
CMKLR1,97.82073198054232
FICD,70.35865707900956
SART3,90.57688894984531
ISCU,103.34741275931134
TMEM119,111.95772059503219
SELPLG,165.17371660242196
CORO1C,115.03813818974689
SSH1,179.8501291582494
DAO,83.9151396004325
SVOP,230.44451073577486
USP30,92.62646947881933
ALKBH2,98.3276310479493
UNG,120.51521655620314
ACACB,141.87947788788586
FOXN4,82.91023402635719
KCTD10,115.83338788081963
UBE3B,141.98402548127558
MVK,101.18995019203652
MMAB,108.56839488077583
FAM222A,134.28078139905864
TRPV4,59.96911164106015
GLTP,136.42539810090136
TCHP,143.0839874392547
GIT2,171.17040167107996
ANKRD13A,203.79893419582157
C12orf76,146.25035840089964
IFT81,102.05724611094914
ATP2A2,172.2505666943492
ANAPC7,115.56262007989943
ARPC3,231.56471490898446
FAM216A,108.12704455720512
GPN3,71.24075035654224
VPS29,169.773496595146
RAD9B,65.21463584171414
PPTC7,134.50577972872244
TCTN1,80.68405350845822
HVCN1,193.27034429074388
PPP1CC,105.93219755213894
MYL2,126.57163242297537
CUX2,133.6257121518234
FAM109A,120.73986469418927
SH2B3,142.73596941902144
ATXN2,178.87451019538474
BRAP,90.3050713880815
ACAD10,114.82670349450592
ALDH2,103.40225373024847
MAPKAPK5,97.80368388656555
TMEM116,63.49986096307549
ERP29,183.03225377735225
NAA25,132.0102825935641
TRAFD1,81.12035892743964
HECTD4,153.1418766029175
RPL6,314.4391565788255
PTPN11,242.69075140054525
RPH3A,149.43603465822557
OAS1,143.75103342446033
OAS3,126.65512779474733
OAS2,137.09197497696505
DTX1,158.56926527014926
RASAL1,202.34544074155315
CFAP73,123.81607470302794
DDX54,177.4036271263636
RITA1,97.34019851684829
IQCD,139.65814107625795
TPCN1,189.60930462044246
PLBD2,179.71369371189377
SLC8B1,83.61185063273416
SDSL,135.3026531293042
SDS,216.01171323945255
RBM19,88.26324823613919
TBX3,159.83133952578544
MED13L,128.8277212986946
MAP1LC3B2,82.92118041665162
C12orf49,164.92652961653926
RNFT2,134.87909999474195
HRK,102.69412693656113
FBXW8,68.32044245866436
TESC,105.2380768236034
FBXO21,135.7117331524696
NOS1,135.65769953712314
KSR2,121.80194466807978
RFC5,96.37763920284777
WSB2,169.3241865469205
VSIG10,89.24979260631696
PEBP1,112.92815980134469
TAOK3,219.0501128940238
SUDS3,81.38084574512263
SRRM4,151.54057027516217
HSPB8,123.61647286711542
CCDC60,182.3727983494365
TMEM233,119.88943248755473
PRKAB1,77.41339907971897
CIT,208.2130907034886
BICDL1,149.87450640062525
RAB35,108.24668956620468
GCN1,199.25272340199228
RPLP0,224.71428924211278
PXN,161.5021524108654
SIRT4,60.96338023690171
PLA2G1B,121.26699418357563
MSI1,136.80896486080178
COX6A1,239.65428491557304
TRIAP1,103.90987999260727
GATC,80.79318671932515
SRSF9,90.94957839471388
DYNLL1,108.1980429024085
RNF10,199.94410348938538
COQ5,86.82695620443556
POP5,92.69817487810508
CABP1,117.62286238622215
MLEC,156.91580586103095
UNC119B,140.67048799516488
ACADS,123.65131393441521
SPPL3,75.75129331629276
C12orf43,79.51581282515943
OASL,137.7737615874734
P2RX7,110.06826460253473
P2RX4,67.37152672290142
CAMKK2,252.40604734769613
ANAPC5,97.71427087607927
RNF34,105.82819022017881
KDM2B,109.03592969626322
ORAI1,118.63733942858534
MORN3,162.95305172850598
TMEM120B,156.0163293653139
RHOF,122.91742548488645
SETD1B,66.67744988709589
HPD,91.13657285744654
PSMD9,77.51707122036262
WDR66,80.34027401706226
BCL7A,127.37083284738168
MLXIP,124.47888323688164
LRRC43,87.84300712585528
B3GNT4,114.81264606175486
DIABLO,68.44345892265031
VPS33A,95.41185638097934
CLIP1,194.23431517024204
ZCCHC8,199.46410087699894
RSRC2,107.06028131865378
KNTC1,121.90888763443479
HCAR2,113.50923263471867
HCAR3,48.00955989665712
HCAR1,58.7994166744362
DENR,96.51902981501959
CCDC62,75.12137589583872
HIP1R,138.34623061224184
VPS37B,139.12959343372455
OGFOD2,87.58052773146284
ABCB9,89.8487442106148
ARL6IP4,86.01265870870066
PITPNM2,136.39312874197103
C12orf65,83.32724419233236
MPHOSPH9,176.3197793425531
CDK2AP1,124.5421978772969
SBNO1,101.45791901981255
KMT5A,96.4957367268656
RILPL2,96.66964215091284
SNRNP35,82.03273718558395
RILPL1,101.89555777442627
TMED2,119.51888248440895
DDX55,78.15844601322283
EIF2B1,68.61783843485804
GTF2H3,97.66502582714156
TCTN2,74.84512414157393
ATP6V0A2,80.52039078821431
DNAH10,107.34404130085957
DNAH10OS,91.37221525849432
CCDC92,192.91942587644576
ZNF664,156.97136269156096
RFLNA,112.34278048560952
NCOR2,136.6332930271986
SCARB1,160.88725713938192
UBC,194.63119555014077
DHX37,97.02784366094721
BRI3BP,143.1379576192811
AACS,91.44643336007675
TMEM132B,230.4922014609503
TMEM132C,148.07642090944424
SLC15A4,91.58004793253437
GLT1D1,155.61931397096862
TMEM132D,158.40192987311656
FZD10,94.36517686025357
RIMBP2,113.21633042265637
STX2,83.95715301798404
RAN,144.38885046011387
ADGRD1,96.01758550460721
SFSWAP,261.4778125835249
MMP17,90.30215529266215
ULK1,298.4397776930268
PUS1,137.78395017298286
EP400,179.70486606508274
EP400NL,103.84390401376012
DDX51,99.0877849060349
NOC4L,60.457294986549954
GALNT9,118.07773943997273
FBRSL1,185.56881262721637
LRCOL1,69.39921463952814
POLE,90.627595203711
PXMP2,115.69897600315377
PGAM5,59.07346859864788
ANKLE2,105.29421017571997
GOLGA3,161.69551947776029
CHFR,95.00017269061132
ZNF605,116.3805188115322
ZNF26,123.38314399421202
ZNF84,121.48240469098911
ZNF140,80.23121435449286
ZNF891,121.56549622598246
ZNF10,143.4041232279244
ZNF268,80.22094807344541
TPTE2,69.3156622387122
MPHOSPH8,136.2404262393319
PSPC1,184.8970508785797
ZMYM5,122.96229452876807
ZMYM2,80.17596132497059
GJA3,80.46887485800553
GJB2,97.6094209005521
GJB6,145.12168471564428
CRYL1,92.11885910249347
IFT88,75.11690983710685
IL17D,175.42950021525508
EEF1AKMT1,68.82336135526168
XPO4,75.12608066678925
LATS2,115.80529629045662
SAP18,125.56732037613901
SKA3,97.55347068267875
MRPL57,122.3064351496219
ZDHHC20,130.6244355434954
MICU2,163.6841943059044
FGF9,107.30156596172847
SGCG,107.42718782970312
SACS,166.19737505140375
TNFRSF19,121.97329423301773
MIPEP,116.90021536445522
C1QTNF9B,75.02497972390731
SPATA13,117.68653888425902
C1QTNF9,77.0456113741813
PARP4,117.89368091317527
CENPJ,68.28353143887935
PABPC3,52.72760359409446
AMER2,113.9162658780161
MTMR6,92.7918233047819
NUP58,119.72294380633653
ATP8A2,158.35599268483074
SHISA2,102.28530288308883
RNF6,147.08378228874105
CDK8,93.65094192753634
WASF3,103.13279817202721
GPR12,135.09473483310592
USP12,142.1178345021889
RPL21,219.42581168932784
RASL11A,135.59049394217612
GTF3A,129.35974318798537
MTIF3,103.04154594734587
LNX2,123.35809662721888
POLR1D,84.7815785941697
GSX1,63.97109826425108
ATP5EP2,51.96005686493868
FLT3,61.755180877353894
PAN3,138.6280874841176
FLT1,170.60591316201152
POMP,168.63057537552277
SLC46A3,116.21705756235957
MTUS2,116.14153435283575
SLC7A1,325.97162799653336
UBL3,170.96535983400747
KATNAL1,133.82067705196144
UBE2L5P,61.02868524724059
HMGB1,152.5456260195895
USPL1,142.3410766544882
ALOX5AP,75.55496412723812
MEDAG,87.01252181648809
TEX26,68.16998810008005
HSPH1,209.29553587310386
B3GLCT,168.57077259291245
FRY,104.1965687207846
BRCA2,104.57135057474218
N4BP2L1,148.74522811318192
N4BP2L2,112.44697645181017
PDS5B,111.68926485946582
KL,95.27981255374743
STARD13,118.18864894386155
RFC3,104.43234408803005
NBEA,165.00720497541738
MAB21L1,69.40441328946258
DCLK1,94.05949676766585
SOHLH2,55.67449347503228
CCDC169,102.89343934397087
SPG20,173.68755434769452
CCNA1,224.73859055889227
SERTM1,170.4027027637309
RFXAP,125.21358790229164
SMAD9,132.22128809428347
EXOSC8,95.49912897471563
ALG5,113.46384307904594
SUPT20H,100.43872083011675
POSTN,185.88527919353115
TRPC4,96.882814618438
UFM1,185.73560637317848
FREM2,51.694885784327
STOML3,123.92292032481868
PROSER1,112.99849495563376
NHLRC3,106.19240573539557
LHFP,179.4342735421827
COG6,88.28498993231344
FOXO1,93.46362696111521
MRPS31,96.91368981640807
SLC25A15,80.31873541522467
ELF1,147.01126583099912
WBP4,102.57076862827128
KBTBD6,83.98055493652978
KBTBD7,90.26455787981737
MTRF1,87.81567033030342
NAA16,71.0600165875156
RGCC,84.41218996731592
VWA8,65.08877070051713
DGKH,220.25317520015835
AKAP11,130.39664187638164
FAM216B,135.61066597451108
EPSTI1,160.907161502638
DNAJC15,70.13746613008763
ENOX1,136.66491006174905
CCDC122,104.33071030207438
LACC1,140.82801623937343
SERP2,186.39502979657897
TSC22D1,273.30009820494166
NUFIP1,78.0755572370831
GPALPP1,65.09034534947645
GTF2F2,99.58234179973084
KCTD4,159.18594203128555
TPT1,176.99755220379132
SLC25A30,98.6087877203883
COG3,60.7879189049971
ERICH6B,94.33863639120813
SIAH3,173.97925110151513
ZC3H13,152.86107076581385
CPB2,89.17418411814853
LCP1,199.3611236535844
LRRC63,84.44665101860477
RUBCNL,109.03275489156906
LRCH1,96.0414249031466
ESD,92.39269187156609
HTR2A,169.07399208357765
SUCLA2,133.96836937072672
NUDT15,80.28797922181187
MED4,102.56062301299801
ITM2B,155.89177805328194
RB1,155.01742507532668
LPAR6,125.02040656870795
RCBTB2,107.71781437719127
CYSLTR2,145.87656895733076
FNDC3A,196.47512166797276
CDADC1,98.92603357689015
CAB39L,98.4468986968269
SETDB2,117.48253202793637
PHF11,129.20755453309758
RCBTB1,91.34873819990807
ARL11,85.25151505918058
EBPL,57.76409340065257
KPNA3,109.34038530077933
SPRYD7,101.19829279473788
TRIM13,62.00502894728959
KCNRG,104.88707716376157
DLEU1,90.98907487882121
DLEU7,113.45420863306674
RNASEH2B,68.69441861082916
LINC00371,86.45912322925975
FAM124A,139.23724694081838
SERPINE3,76.97669756667932
INTS6,127.81349263053863
WDFY2,178.88262098950102
DHRS12,102.49848784800909
LINC00282,137.81610320160365
ATP7B,170.0285814369661
ALG11,59.78990944475299
UTP14C,110.42013016427524
NEK5,121.31786363904988
NEK3,137.35196582579601
THSD1,248.2583142974555
VPS36,103.37703310764286
CKAP2,91.25575534642189
HNRNPA1L2,106.26109600684623
SUGT1,85.69078357328627
CNMD,77.18401994406557
PCDH8,149.44559081093144
OLFM4,87.52305119949517
PCDH17,143.96855028039684
DIAPH3,112.95467986310427
TDRD3,110.01545887594943
PCDH20,114.2716846450362
PCDH9,132.41174862398208
KLHL1,69.58809859971359
DACH1,120.15046310444922
MZT1,124.55190900248564
BORA,73.41913476989825
DIS3,95.13962774690225
PIBF1,72.84821474858549
KLF5,150.11962426484843
KLF12,184.17707590411342
TBC1D4,152.679847495523
COMMD6,180.4867720526273
UCHL3,128.33011715703776
LMO7,188.96460910809353
LMO7DN,86.95156642821806
KCTD12,213.24246677022887
CLN5,72.99904036718297
FBXL3,100.29953028237156
MYCBP2,184.50711887836724
SCEL,101.29109505405336
SLAIN1,155.3418150288626
EDNRB,155.14257071591211
POU4F1,54.71455275481404
RNF219,85.35025418745121
RBM26,207.65766371079053
NDFIP2,143.97590191215724
SPRY2,182.48460794392963
SLITRK1,68.90091649893839
SLITRK6,174.52061694953215
SLITRK5,139.3687464833737
GPC5,132.7967032815777
GPC6,112.00833598098993
DCT,87.47811556397983
TGDS,109.66294791073261
GPR180,82.40136284837237
SOX21,185.44371140283192
ABCC4,121.87790866198762
CLDN10,85.14405201069829
DZIP1,112.37485624830754
DNAJC3,73.41997498734517
UGGT2,101.26045517069846
HS6ST3,131.98679188402872
OXGR1,86.42118544056586
MBNL2,169.65309465479044
RAP2A,108.04986825308663
IPO5,196.4410351307979
FARP1,113.08503878544238
STK24,97.72659746084952
DOCK9,164.32233430295332
UBAC2,79.11158471989026
GPR18,51.95251658448916
GPR183,152.82700169692285
TM9SF2,126.98586696269456
CLYBL,80.83691248366577
ZIC5,102.91801340463061
ZIC2,181.33730106250258
PCCA,92.49960046823236
GGACT,71.2694650768263
TMTC4,141.75123630089092
NALCN,90.66848703248613
ITGBL1,73.92144546809598
FGF14,139.56708495697154
TPP2,94.86919025941637
TEX30,68.81646080232821
KDELC1,85.70226855505743
BIVM,83.11436091674554
ERCC5,73.52797235012906
EFNB2,117.80710187569773
ARGLU1,144.91389473083203
FAM155A,98.61047932127121
LIG4,141.88607175338566
ABHD13,137.18120918387794
TNFSF13B,50.64025166234879
MYO16,87.82909941865287
IRS2,189.05046563200733
COL4A2,203.4183429218795
COL4A1,187.29003024790674
RAB20,106.12857521662247
NAXD,112.05927830868774
ING1,96.59036862256181
CARS2,57.152290110273725
ANKRD10,93.59231479814383
ARHGEF7,95.23499888659214
TEX29,70.28545155347274
SOX1,96.26822976797098
TUBGCP3,85.72322345308547
ATP11A,99.59096126668561
MCF2L,145.95713942261438
F7,104.06250501833244
F10,105.57354262755186
PROZ,76.74681890940946
PCID2,64.8336922248634
CUL4A,107.21871329939577
LAMP1,185.01025281171644
GRTP1,112.72932072959702
ADPRHL1,84.53992394585447
DCUN1D2,129.14737052618392
TMCO3,108.59669228136639
TFDP1,147.4170851427297
ATP4B,77.08653948300801
GRK1,41.1765929466838
TMEM255B,88.34841186574286
GAS6,103.77264933454421
ABC13-47488600E17.1,66.61090490860789
RASA3,80.95694354360941
RP11-569D9.5,94.90612205707964
CDC16,136.98134302968714
UPF3A,92.23920454846021
CHAMP1,113.61161723973822
TTC5,125.05189620978501
CCNB1IP1,76.41047469204241
PARP2,142.24783773033778
TEP1,140.48184142529868
KLHL33,67.95711623512867
OSGEP,95.04176413931762
APEX1,112.63664420344617
TMEM55B,109.67427840994756
PNP,79.25405668552526
RNASE4,100.76913087153645
ANG,72.48338193244643
RNASE6,81.04124727873295
RNASE1,261.6478917549809
RNASE3,68.91651510064523
RNASE2,82.64590928677447
METTL17,89.34344735162125
SLC39A2,65.31373904373788
TPPP2,62.86117735051505
ARHGEF40,114.40333783543349
NDRG2,127.42329080467147
TMEM253,51.90045524786197
ZNF219,174.01388777616376
HNRNPC,193.71101206139488
RPGRIP1,94.49753524315415
SUPT16H,140.08753550169124
CHD8,128.06158634478737
TOX4,127.4829431031597
RAB2B,128.9402279107325
METTL3,98.32003611163495
SALL2,115.7432079281605
DAD1,125.89019460414403
ABHD4,131.4012733747468
OXA1L,119.4744138334909
SLC7A7,110.51268031471298
MRPL52,95.45538249044725
MMP14,170.7302773278837
LRP10,125.08662202416409
REM2,160.68639435752456
RBM23,76.76647348939952
PRMT5,102.85110250975771
HAUS4,63.36701107406651
AJUBA,207.12459250117075
C14orf93,70.17415239801764
PSMB5,132.79539674955757
CDH24,155.34124737758026
ACIN1,130.7283534520269
C14orf119,88.56324630264456
RP11-244E17.1,108.59393098584451
CEBPE,70.76958470957089
SLC7A8,76.83681546996672
HOMEZ,119.2434875832956
BCL2L2,185.48723453889062
PPP1R3E,158.08248463660473
BCL2L2-PABPN1,54.59384520310854
PABPN1,217.35032121279
SLC22A17,174.2562712576863
EFS,111.12805564999289
IL25,106.73031271768585
CMTM5,160.32507310935955
MYH6,129.91407961490168
MYH7,135.41035734628744
NGDN,82.68303076773145
ZFHX2,123.59322238301937
THTPA,133.602079799075
AP1G2,171.66726894242203
JPH4,213.80986742928758
DHRS2,98.8373766782355
DHRS4,59.72860300264651
DHRS4L2,57.736417560032635
CARMIL3,113.46866705641855
CPNE6,186.94290636270085
PCK2,105.98537914376212
NRL,103.57403568927168
DCAF11,163.44183149742085
FITM1,81.52568637003327
PSME1,168.17798012529823
EMC9,89.47427781903602
PSME2,147.94053491663425
RNF31,154.31220569527085
IRF9,148.26300926348188
REC8,153.19450534872198
IPO4,103.06395047829656
TM9SF1,148.38330158135423
TSSK4,76.19003408546811
CHMP4A,142.38792308956255
MDP1,65.93307455995443
NEDD8,210.70871366075028
GMPR2,113.7459330977129
TINF2,120.23117412011956
TGM1,60.65873115389931
RABGGTA,162.15255776279446
DHRS1,70.20237880144643
NOP9,79.05987985916656
LTB4R2,107.29353900682366
LTB4R,133.04566846633548
ADCY4,138.06582392948576
RIPK3,41.40195096473067
NFATC4,177.6802865188426
NYNRIN,67.1824949018143
KHNYN,72.77720494536194
CBLN3,80.29148046891132
SDR39U1,102.59233168754085
CTSG,74.4692271875939
GZMH,109.56818280201529
GZMB,110.81571608156727
STXBP6,152.47701453832053
NOVA1,211.34525431079305
FOXG1,160.1709512299119
PRKD1,86.2215741344969
G2E3,119.02597318194921
SCFD1,116.68640073007941
COCH,141.50319930306262
AP4S1,62.924117358065956
STRN3,67.57199235020065
HECTD1,127.35977203853909
HEATR5A,95.48267043355108
RP11-176H8.1,53.70498519216602
DTD2,85.85332775409955
NUBPL,82.9288170352115
ARHGAP5,153.74280647344096
AKAP6,107.66500938794528
NPAS3,146.19036210493246
SPTSSA,122.40365185963148
EGLN3,211.2988108593711
EAPP,171.58578790516066
SNX6,154.87259199958478
CFL2,183.99506701527133
BAZ1A,102.06229115816325
SRP54,100.44712650282776
FAM177A1,90.08006655441991
KIAA0391,87.14108722360146
PPP2R3C,63.676675290760755
PSMA6,99.74229752471169
NFKBIA,169.8474631990509
INSM2,158.94111880863565
RALGAPA1,80.26685095868487
BRMS1L,147.86875571627928
MBIP,104.25340466175646
SFTA3,174.80087763723952
NKX2-1,181.80106584899283
NKX2-8,81.30832678525402
SLC25A21,81.89143573597306
MIPOL1,57.35584822520505
TTC6,132.96436694879844
SSTR1,167.2638306054471
CLEC14A,132.6513281381287
SEC23A,147.99802818658426
GEMIN2,100.30308449634313
TRAPPC6B,249.75581801212581
PNN,124.34539060442322
CTAGE5,71.17395551415291
FBXO33,147.140433559435
LRFN5,79.81500083207371
C14orf28,76.50733768728836
TOGARAM1,188.51267803889567
KLHL28,57.15521054980897
PRPF39,163.5877949899587
FKBP3,96.61423158835825
FANCM,135.8795703653418
MIS18BP1,84.17801481299912
MDGA2,80.23089897798192
RPS29,263.7280702598514
LRR1,62.365173698197054
RPL36AL,93.4077818961403
MGAT2,66.30048074739503
DNAAF2,83.19335773754517
POLE2,49.62038030643507
KLHDC1,131.75222414130684
KLHDC2,61.25555287450081
NEMF,142.57588661852063
ARF6,118.12172756112557
VCPKMT,113.18642533763557
SOS2,113.31035182081715
L2HGDH,63.36269124917263
ATP5S,107.58429101698795
CDKL1,77.8168501322335
ATL1,103.72224086592425
MAP4K5,179.03149903458018
SAV1,113.07145611086895
NIN,194.62590884498863
ABHD12B,142.74338358867368
PYGL,99.13335644351653
TRIM9,188.69597673912085
TMX1,129.2395520955383
FRMD6,169.3477033976514
GNG2,138.49093925547405
C14orf166,100.64415612231412
NID2,88.4092944730105
PTGDR,123.70138797107646
PTGER2,107.6369881925223
TXNDC16,94.98111020136326
GPR137C,136.61571209587066
ERO1A,169.22177347862174
PSMC6,106.88837437680195
STYX,66.1490540031669
GNPNAT1,78.96207302667443
FERMT2,135.58045418771712
DDHD1,89.57600718739104
BMP4,57.521011333923155
CDKN3,66.30062048653085
CNIH1,116.54592765729473
GMFB,206.67634492008875
CGRRF1,157.3113944335472
SAMD4A,82.53019634444496
GCH1,77.1214869290836
WDHD1,62.118276286430415
SOCS4,138.09954755686078
MAPK1IP1L,96.47988860464898
LGALS3,75.39061903522884
FBXO34,74.94707728489044
ATG14,119.65331212861193
KTN1,203.55021714733175
PELI2,133.09049096252136
TMEM260,116.58006651764887
OTX2,81.37850450971297
EXOC5,114.11101965721048
AP5M1,79.1196181724533
NAA30,160.35243232391156
SLC35F4,87.94343562635612
ACTR10,98.44658871670495
PSMA3,101.24077474984679
C14orf37,108.0831712246881
ARID4A,97.18172435451609
TIMM9,104.48694768118926
KIAA0586,103.9340895981316
DACT1,198.8251560425524
DAAM1,112.45654614626429
GPR135,83.14491110825114
L3HYPDH,49.40376467023006
JKAMP,128.73762846997377
CCDC175,62.73577937096087
RTN1,165.2604636360545
LRRC9,88.21310137232231
PCNX4,99.4322145715777
DHRS7,126.21537801630234
PPM1A,212.04895209394738
SIX1,90.82350886666009
SIX4,107.06216600513002
MNAT1,113.99006011392734
TRMT5,85.75266302791121
SLC38A6,111.69219820305048
PRKCH,185.65597441885132
TMEM30B,121.81722279078198
HIF1A,188.37378663583848
SNAPC1,108.13310796898105
SYT16,241.27023713665062
KCNH5,77.83769435756588
RHOJ,132.4473848863424
PPP2R5E,101.91367028144498
WDR89,61.4902904304482
SGPP1,94.7361664024667
SYNE2,138.1652417163751
ESR2,60.40491659506753
MTHFD1,72.82166610907069
AKAP5,251.31921629527534
ZBTB1,125.24316394722467
ZBTB25,117.29303375993399
HSPA2,178.1054059986884
PPP1R36,68.66395156513968
PLEKHG3,126.3404025832013
SPTB,165.56540762395716
CHURC1,47.40583183533903
GPX2,82.35654287133741
RAB15,137.74585202418905
FNTB,131.7279123903204
MAX,133.51934972371393
FUT8,122.35124760560731
LINC00238,86.03401837619924
GPHN,103.21066357308732
FAM71D,73.55070068357634
MPP5,72.59078922090029
ATP6V1D,121.80442438744797
EIF2S1,111.21532000438879
PLEK2,58.35488189828348
PLEKHH1,147.73424829604704
TMEM229B,176.06711817098596
PIGH,75.07700412729778
ARG2,162.99634503604364
VTI1B,95.8275552678605
RDH11,115.86488238482664
RDH12,87.1520428524882
ZFYVE26,113.04440797263834
RAD51B,83.64691628265257
ZFP36L1,154.62621296285698
ACTN1,91.73063061905333
DCAF5,91.26093550799575
EXD2,94.34520068756231
GALNT16,113.05998597604452
SLC39A9,110.13409699012996
ERH,207.50122300687542
PLEKHD1,92.66322099311506
CCDC177,157.71033054205074
SUSD6,132.9641791270517
SRSF5,282.4096300310015
SLC10A1,47.896903205892755
SMOC1,247.6598836266258
SLC8A3,146.40674441357214
COX16,120.54083094329334
SYNJ2BP,119.22531922511348
ADAM21,108.69079727929386
ADAM20,61.2845703551487
MED6,116.73945543874174
TTC9,70.54370572753581
MAP3K9,112.11598043459853
PCNX1,134.20918048978265
SIPA1L1,148.13219718522794
RGS6,132.13023097391556
DPF3,50.64169469177716
DCAF4,109.38687873798472
ZFYVE1,75.0409886822421
RBM25,125.54335806563014
PSEN1,117.05921127934681
PAPLN,128.12174897613616
NUMB,154.27083314832686
RIOX1,73.56700084344115
ACOT1,42.242338215035886
HEATR4,138.61279725266866
ACOT2,78.97767087406575
ACOT4,72.63151662264991
ACOT6,61.45677079043418
DNAL1,87.58629684494969
PNMA1,176.3167265192838
ELMSAN1,111.3613595213464
PTGR2,85.17231419968996
ZNF410,119.13249580051325
COQ6,86.67219096164897
FAM161B,101.43964968785988
ENTPD5,132.14211048829952
BBOF1,112.55378243016693
ALDH6A1,105.38353466209807
LIN52,122.30156347897517
VSX2,60.745019920661804
ABCD4,95.4517060786223
SYNDIG1L,102.90199318869406
ISCA2,75.01782417303329
NPC2,106.12351295286243
LTBP2,112.14599450435765
AREL1,89.83425626482554
FCF1,124.80950382584982
YLPM1,167.59617473567636
PROX2,89.009182177806
DLST,124.53754085187765
RPS6KL1,140.947657797307
PGF,108.51131403874157
EIF2B2,114.19717085708737
MLH3,90.32830338942185
ZC2HC1C,111.7159653493303
ACYP1,132.9138574905545
NEK9,127.99466954427749
TMED10,203.81796919791412
FOS,181.07752158160272
JDP2,96.27290610233675
BATF,120.53277873599154
FLVCR2,75.35742034983261
TTLL5,81.19130231774264
C14orf1,103.15453565730493
TGFB3,121.78391176952312
IFT43,81.61142002056974
GPATCH2L,208.06538946329613
ESRRB,57.011634413524035
VASH1,111.53514141212275
ANGEL1,174.27167856221666
IRF2BPL,192.64301305206726
CIPC,140.0779129740792
ZDHHC22,153.7726159527009
TMEM63C,78.38410351745227
NGB,121.83190647207385
POMT2,103.6317262955009
GSTZ1,97.95886577392241
SAMD15,109.08392229627236
TMED8,156.4028856887978
NOXRED1,84.34166282353965
VIPAS39,107.48048262008857
AHSA1,123.78638082492944
ISM2,63.21124956639443
SPTLC2,92.41677852696753
ALKBH1,46.55792486313706
SLIRP,208.9832637823249
C14orf178,46.611584841623426
SNW1,146.4523941904977
ADCK1,88.20647744672664
NRXN3,135.2717342995573
DIO2,137.643988002277
TSHR,71.11105137491728
CEP128,65.60730146328129
GTF2A1,116.77606142811851
STON2,157.81788371014875
SEL1L,129.56509956062973
FLRT2,161.650812410075
GALC,106.85013933036325
GPR65,93.14940876508086
KCNK10,71.12690809708715
SPATA7,75.7629502874758
PTPN21,98.24496435733292
ZC3H14,79.10063165778416
EML5,145.56125445080872
TTC8,216.17392382787125
FOXN3,125.09319146622667
EFCAB11,93.52431958599382
TDP1,59.57549946181189
KCNK13,78.06987040643153
PSMC1,212.75218180230695
NRDE2,67.09395952123381
CALM1,153.92852672453728
TTC7B,59.96382841429727
RPS6KA5,135.10949210786976
C14orf159,109.50131632096691
GPR68,53.946476746716286
CCDC88C,144.77405964356748
PPP4R3A,76.47155364007875
TC2N,59.91980217387021
FBLN5,93.10828066096096
TRIP11,149.94120800764645
ATXN3,138.40531336679334
NDUFB1,212.52415650254778
CPSF2,62.60409166781395
SLC24A4,136.2070390106699
RIN3,73.49643927349439
LGMN,121.11710886036269
GOLGA5,183.72622646059435
CHGA,74.93391923385218
ITPK1,80.79086571857405
MOAP1,136.71194697733335
TMEM251,61.457108440741706
GON7,69.30744804786247
UBR7,62.98929845285954
BTBD7,86.22158696218926
UNC79,101.96732985534686
COX8C,41.231638395452194
PRIMA1,225.02688832459802
FAM181A,160.71083550859882
ASB2,80.61441829154035
OTUB2,87.2706038494949
DDX24,111.87330864839677
IFI27L1,71.74146694872312
IFI27,133.24235425253792
IFI27L2,85.98051326518697
PPP4R4,73.15014521968365
SERPINA10,76.37231438995502
SERPINA1,138.06838328559232
SERPINA5,163.37143007161643
SERPINA3,148.72587000782076
DICER1,157.36957713226624
CLMN,109.084003509468
SYNE3,142.37085019439527
GLRX5,152.36947814350196
TUNAR,226.13163021350448
C14orf132,108.62632546071438
BDKRB2,107.74570756666961
BDKRB1,62.715036296186014
ATG2B,125.13267067498367
GSKIP,122.0577558934531
AK7,152.47175788707122
PAPOLA,126.86708307812864
VRK1,87.832059216695
BCL11B,275.82743703673765
SETD3,132.3095939928648
CCNK,68.29702819101246
CCDC85C,134.8746260944618
HHIPL1,155.65230701147027
CYP46A1,218.3580464308488
EML1,111.47450388125839
EVL,96.66713395812226
DEGS2,154.55145397778762
YY1,137.1911568572131
SLC25A29,88.03160585766281
WARS,127.72353162898852
WDR25,98.50750922133713
BEGAIN,210.8004756674693
DLK1,66.53426349956973
RTL1,71.65839502818682
DIO3,140.24048405009864
PPP2R5C,66.9594775088367
DYNC1H1,187.813030007081
HSP90AA1,193.69150722342647
WDR20,126.9659384244379
MOK,135.8206753465331
ZNF839,81.2559490656565
CINP,114.87696370125957
TECPR2,125.02455822379198
ANKRD9,91.48575590485123
RCOR1,87.12733851323935
TRAF3,126.60397259889328
AMN,102.71116052014861
CDC42BPB,130.25854637281458
RP11-736N17.11,65.67340219503538
TNFAIP2,115.7478047477793
EIF5,175.04943180502414
MARK3,123.47131001228001
CKB,125.72744086506867
TRMT61A,135.60589347904008
KLC1,136.4023536256714
BAG5,69.10329221303658
APOPT1,85.01606304674897
XRCC3,125.11415218404755
ZFYVE21,120.02058828735463
PPP1R13B,69.61256328387978
C14orf2,170.78518484614517
TDRD9,127.75272175068318
ASPG,72.83192241826075
KIF26A,94.9893812324465
C14orf180,57.204340968805354
TMEM179,173.24983969647286
INF2,132.32433317442366
ADSSL1,79.16376849401593
SIVA1,94.38454012135352
AKT1,111.86331883629339
ZBTB42,67.2245714740973
CEP170B,233.0433886274257
PLD4,143.2439751082461
AHNAK2,129.86986632708684
C14orf79,87.57397866396448
CDCA4,77.71217014924332
GPR132,61.941523806666424
JAG2,140.38058049279306
NUDT14,51.83967090935545
BTBD6,114.77870585323583
PACS2,133.28901337265114
BRF1,119.9959623086595
TEX22,79.85598928749184
MTA1,145.95605741951925
CRIP2,164.63462461902725
CRIP1,218.77613943700527
C14orf80,116.12979611529292
TMEM121,171.07943806840854
NIPA1,129.19854570748927
NIPA2,90.62508956891065
CYFIP1,118.1701432255773
TUBGCP5,81.38645642785616
MKRN3,99.02798813632577
MAGEL2,104.0886220709383
NDN,128.83348939695477
NPAP1,63.649296795021996
SNRPN,131.61220577399118
SNURF,52.64316275466737
UBE3A,113.66688521961422
ATP10A,246.41865215809128
GABRA5,157.74807969103864
GABRB3,223.9785262523215
GABRG3,159.75870460700799
OCA2,135.25958523836508
HERC2,178.98592850022897
GOLGA8M,87.6797703690757
GOLGA6L7P,54.95226790258229
APBA2,167.46498992916923
NSMCE3,121.83729703341896
FAM189A1,86.31311335555185
TJP1,134.63596445718863
GOLGA8J,58.88448283778982
GOLGA8T,41.40105861718203
CHRFAM7A,69.05234774919674
GOLGA8R,59.560210147800376
GOLGA8Q,46.54456152676062
GOLGA8H,57.411473516191734
ARHGAP11B,95.14840052623731
FAN1,97.31765593406408
MTMR10,121.50100649472958
TRPM1,70.71260994022447
KLF13,215.0323928752389
OTUD7A,83.04687036080415
CHRNA7,58.32942721659984
GOLGA8K,93.7515889777396
GOLGA8O,38.46002684013544
GOLGA8N,48.315630185935674
ARHGAP11A,97.4115313810045
SCG5,135.07470988261076
GREM1,125.87489113648257
FMN1,81.64017816945386
RYR3,133.7636402170013
CHRM5,81.48577757086517
AVEN,77.17579261331042
EMC7,70.9825113655672
PGBD4,119.92401963660049
KATNBL1,97.43587804802829
EMC4,136.08472578135087
SLC12A6,112.91632417864616
NOP10,130.77347440373066
LPCAT4,137.4704688752206
GOLGA8A,172.95559622009833
GOLGA8B,109.33062457411648
GJD2,108.82622390557236
ACTC1,128.17897111285447
AQR,128.8237448230771
ZNF770,107.05936409081772
NANOGP8,66.9272715916839
DPH6,101.65445581208823
C15orf41,108.36788943722581
MEIS2,276.5959091972771
SPRED1,192.4673592257987
FAM98B,99.67857245293948
RASGRP1,207.3655144261003
THBS1,173.86671133389723
FSIP1,61.15658155653952
GPR176,150.67710970248316
EIF2AK4,81.65813291859587
SRP14,190.88344396638837
BMF,81.43430904901007
BUB1B,82.00709427042761
PAK6,195.06307538879395
ANKRD63,162.71799875961207
PLCB2,111.86651816961609
INAFM2,80.15058080390037
C15orf52,142.22991756224957
PHGR1,69.45615887321401
DISP2,56.237978980581204
KNSTRN,44.183059486534916
IVD,77.72093317926374
BAHD1,100.71954051416944
CHST14,129.315379862409
C15orf57,90.7658089614242
RPUSD2,112.59575822364633
RAD51,50.8047706842861
RMDN3,50.06068636488283
GCHFR,73.36801536603852
C15orf62,85.32012383066004
DNAJC17,71.11283068590882
ZFYVE19,119.32677049221482
SPINT1,80.48799225657044
RHOV,107.87191900553813
VPS18,93.81049835826394
DLL4,119.99165113180382
CHAC1,110.83579694639315
INO80,90.29392521636575
CHP1,130.1459118414263
OIP5,68.51600702320673
NUSAP1,61.05125321817769
NDUFAF1,68.28510375546713
RTF1,133.95225050936222
ITPKA,137.3135687204855
LTK,193.78278680744063
RPAP1,103.51428552354781
TYRO3,224.0183319655738
MGA,164.04049204407778
MAPKBP1,120.15792232978328
JMJD7,170.04942812472748
PLA2G4B,138.71075455247077
SPTBN5,70.34756928994344
EHD4,111.71194307173008
PLA2G4E,62.01600056604201
PLA2G4D,81.9878828724562
PLA2G4F,131.5011734115524
VPS39,83.63905390333505
TMEM87A,86.050834372991
GANC,113.5643145603058
CAPN3,203.53144202874262
ZNF106,172.03550785944793
SNAP23,85.8699085029088
LRRC57,103.84909755509423
HAUS2,88.53228749560967
STARD9,169.1757915894595
CDAN1,102.91523834023002
TTBK2,202.69688866232832
UBR1,109.75416569587466
TMEM62,83.36228631804815
CCNDBP1,121.13476135196692
EPB42,87.56618209577658
TGM5,129.59903014269835
LCMT2,79.11267501981797
ADAL,56.06729757158388
TUBGCP4,112.66717545204355
ZSCAN29,66.22702976931757
TP53BP1,175.2419504027447
MAP1A,202.29418663592375
PPIP5K1,92.2767006121145
CKMT1B,108.18478414728014
STRC,72.35592447612319
CATSPER2,65.22060654822431
CKMT1A,93.10892157034391
PDIA3,283.0954379816703
ELL3,59.12831818618989
SERF2,190.2132352649357
HYPK,93.92944412227178
MFAP1,144.6043325085215
WDR76,70.27068723700341
FRMD5,157.77800366483126
CASC4,154.845556584826
CTDSPL2,83.92986625844756
EIF3J,116.62932886022216
SPG11,112.90380879524042
PATL2,106.00239343168286
B2M,182.90565347824662
TRIM69,129.92893034419862
SORD,67.93716770245206
DUOX2,71.00397255577113
DUOXA1,56.15195797965521
DUOX1,119.67711637598816
SHF,109.69863354147097
SLC28A2,67.1448519147271
GATM,137.86496758982543
SPATA5L1,84.83822056159616
C15orf48,56.72337513234484
SLC30A4,133.97905200974844
BLOC1S6,134.36739400106615
SQRDL,82.47964392444942
SEMA6D,152.10545441707882
MYEF2,135.83534761505658
CTXN2,127.96236221568975
SLC12A1,76.6901090839282
DUT,199.5718545717874
FBN1,139.43648785701416
CEP152,163.02280932361606
EID1,181.37518353296275
SHC4,139.46460999388984
SECISBP2L,142.0508844340907
COPS2,167.6007360774335
GALK2,94.35022423080002
FAM227B,62.599221798146914
DTWD1,76.57547315025812
ATP8B4,104.12600429408249
SLC27A2,74.45198651928757
HDC,56.86044640831818
GABPB1,132.33672879278947
USP8,85.82327306672079
TRPM7,68.25481123220806
SPPL2A,92.79927834057065
AP4E1,89.97891654269125
TNFAIP8L3,113.04829078487921
GLDN,92.10555605607598
DMXL2,126.69863520422277
SCG3,89.60378362149268
LYSMD2,78.46178584447591
TMOD2,108.57695126756641
TMOD3,113.1028628154254
MAPK6,177.72198065902288
LEO1,127.32948567430509
BCL2L10,92.61018637529486
GNB5,127.99542178308133
MYO5C,134.7981935399513
MYO5A,187.14870900329004
ARPP19,200.22446823606023
FAM214A,131.25247150197652
UNC13C,115.85878243982665
RSL24D1,144.13746840119845
RAB27A,71.99098446619882
PIGBOS1,86.81645322145707
PIGB,46.89958086032752
CCPG1,204.34723559614656
C15orf65,93.21445080876754
DYX1C1,106.98152775211472
PYGO1,158.63856738548253
PRTG,166.07895317071984
NEDD4,126.94117041023691
RFX7,103.64632682437428
TEX9,91.95059404716599
MNS1,137.13050189619418
ZNF280D,171.98095825094907
TCF12,110.22668313361896
CGNL1,192.3694096077415
MYZAP,76.46491982781899
POLR2M,103.46286251698828
AQP9,207.0028123410953
LIPC,71.69518549047095
ALDH1A2,63.013996288016955
ADAM10,108.02213306263386
MINDY2,116.91722434605146
SLTM,166.03577371117802
RNF111,106.18506341661822
CCNB2,84.26466791200946
MYO1E,101.20116706894785
FAM81A,162.1761731395415
GTF2A2,92.81090995529075
BNIP2,119.9803745743738
ANXA2,199.765997187398
ICE2,97.9051017793866
RORA,129.0584740926818
VPS13C,233.0254784005944
C2CD4A,87.99793685686242
C2CD4B,114.45083283695132
TLN2,177.01275207415924
TPM1,136.34344395504692
LACTB,76.49124020797325
RPS27L,114.8967641403498
RAB8B,79.66875896619393
APH1B,95.58421009881596
CA12,144.3990974814065
USP3,108.09508033736978
FBXL22,71.33806234336475
HERC1,180.7439613152763
DAPK2,114.41485328190271
FAM96A,100.43496633291053
SNX1,76.29962337158929
SNX22,221.26241540572147
PPIB,251.1088914206759
CSNK1G1,116.87021113740153
PCLAF,64.93099480744846
TRIP4,88.40216763847596
ZNF609,139.10833782546766
OAZ2,151.95181119033154
RBPMS2,165.18698843926137
PIF1,80.0261133258353
PLEKHO2,169.82495087268495
ANKDD1A,117.64106594453457
SPG21,112.16306980523908
MTFMT,58.236428810486956
SLC51B,104.51643287355799
RASL12,167.25274916974212
UBAP1L,103.97068773340851
PDCD7,109.65168236507358
CLPX,101.78956146902658
CILP,90.83899075390082
PARP16,129.71033016491612
IGDCC3,147.1374053893564
IGDCC4,100.31171573647669
DPP8,86.91679232754095
HACD3,191.63622105583707
INTS14,94.3472605698295
SLC24A1,159.70445785947427
RAB11A,140.36145434586143
DENND4A,77.36239927804024
MEGF11,300.69651332134725
DIS3L,104.99737004925976
TIPIN,76.73683668630667
MAP2K1,164.51191969783008
SNAPC5,128.4090903907848
ZWILCH,90.88716194012571
RPL4,229.16026868473293
LCTL,103.46623772419105
SMAD6,121.9133784564062
SMAD3,170.40932345671575
AAGAB,150.41734614525308
IQCH,85.6346653365309
C15orf61,139.92886998893863
MAP2K5,74.44888377607487
SKOR1,76.83150764472592
PIAS1,121.35903606620946
CALML4,55.959350709637505
CLN6,90.72247836997428
FEM1B,151.23295994536463
ITGA11,100.77796998088701
CORO2B,130.7841183481935
SPESP1,67.36840023443696
ANP32A,171.55477881480454
NOX5,62.65768663999049
GLCE,141.86245454503072
PAQR5,153.93072440851887
KIF23,74.86275754954607
RPLP1,161.0475432734364
TLE3,105.08508272679424
UACA,169.02663922350007
LRRC49,150.09320006346047
LARP6,72.15740410319867
THAP10,78.20334551883704
THSD4,99.93364034489329
NR2E3,66.2253357850436
SENP8,104.6370408863437
MYO9A,68.99109104753762
GRAMD2,146.3834903432873
PKM,208.05944586750127
PARP6,142.2813396540525
CELF6,167.55885558699345
HEXA,118.73694401434852
ARIH1,117.88215788319303
BBS4,114.46000994471405
ADPGK,82.45614279905323
NEO1,132.55086112845333
HCN4,307.966933668123
NPTN,214.79157519182684
CD276,81.8438028325119
C15orf59,169.54845677045142
LOXL1,90.317494345754
STOML1,110.41597464425703
PML,160.53087332525413
ISLR2,118.59828064307965
ISLR,146.66801679209092
CCDC33,139.07814336852695
CYP11A1,143.81627228626053
SEMA7A,152.18944565020115
UBL7,151.63997067857065
ARID3B,103.78071347804428
CLK3,152.7822373385748
EDC3,83.30088794787108
CYP1A1,41.55188443673356
CSK,92.06159521997924
LMAN1L,55.79619557118963
CPLX3,161.84474760345444
ULK3,154.82352113950074
SCAMP2,83.84088109326268
MPI,99.92229270869095
FAM219B,108.42927581056165
COX5A,219.34220451034656
RPP25,123.7290087080051
SCAMP5,184.23121107348146
PPCDC,72.17253525989406
C15orf39,122.63509065767727
COMMD4,77.3727275061699
NEIL1,127.26325831559672
MAN2C1,79.49524279309588
SIN3A,168.55488429224857
PTPN9,192.4109449899962
SNUPN,56.700207045218775
IMP3,133.06027979921262
SNX33,106.26040069484353
CSPG4,263.38896479198684
ODF3L1,64.67802348183872
UBE2Q2,97.16193086807124
FBXO22,174.063379004004
NRG4,55.888397057809556
TMEM266,82.98276460235465
ETFA,170.50859653155027
SCAPER,122.49456643429818
RCN2,147.47367972519606
PSTPIP1,50.659309417119374
TSPAN3,168.69266693439636
PEAK1,128.02059203428354
HMG20A,86.77724295170668
LINGO1,171.37527616498318
TBC1D2B,107.15423223940022
SH2D7,85.33169780487549
CIB2,90.58804192016223
IDH3A,113.7280635844557
ACSBG1,97.99313542910866
DNAJA4,193.38660381031195
WDR61,76.81367661769232
CRABP1,164.3424929892205
IREB2,92.90972555990768
HYKK,89.34331404856593
PSMA4,132.9444275716479
CHRNA5,43.859803715113145
CHRNA3,76.37885059959433
CHRNB4,50.864224940566544
MORF4L1,154.65908254967792
ADAMTS7,72.69166761895292
CTSH,103.36242144059449
RASGRF1,161.17341839837013
ANKRD34C,124.6826908040226
TMED3,103.40055175544947
KIAA1024,96.08432209430376
MTHFS,72.65977935091982
ST20,65.99572087098338
BCL2A1,152.55211234681803
ZFAND6,126.51640220050032
FAH,84.59275612582522
LINC01314,172.65341959311343
ARNT2,111.76708638938032
ABHD17C,118.02713572194384
CEMIP,99.71449226204447
MESDC2,107.20332598655779
MESDC1,304.1280630483718
CFAP161,125.95866725962631
IL16,83.64168001008974
STARD5,72.56278644836567
MEX3B,139.75997094778253
EFL1,63.601109496086764
SAXO2,65.09557012499869
GOLGA6L10,48.477373934103326
GOLGA6L9,66.70740545680908
RPS17,271.2198142031423
CPEB1,153.95811666057799
AP3B2,117.8989752319475
FSD2,113.09315717158205
WHAMM,74.82012445222094
HOMER2,99.87289740671164
FAM103A1,100.11071680691097
C15orf40,71.16498683781725
BTBD1,120.5479213009514
TM6SF1,119.90263077357918
RP11-382A20.3,172.89735331356124
SH3GL3,184.3358739235419
ADAMTSL3,91.91809694848175
UBE2Q2L,54.80831478335642
GOLGA6L4,64.97032912547289
ZSCAN2,101.35659565687394
WDR73,51.68544172407081
NMB,142.33132793708705
SEC11A,144.05040831444893
ZNF592,139.44273286414702
ALPK3,137.96338138858576
PDE8A,96.06912193499755
AKAP13,84.68674580503944
KLHL25,68.02106548636687
AGBL1,136.2473898522537
NTRK3,205.1672123675889
MRPL46,117.98410368474308
MRPS11,102.19003430580412
DET1,59.869516585443705
AEN,96.40307297363105
ISG20,121.18736843245671
ACAN,138.87271899705388
HAPLN3,114.16134939672361
MFGE8,191.6850047099316
ABHD2,177.04013579235573
RLBP1,163.66492114909303
FANCI,107.91795191110174
POLG,64.19602105366408
RHCG,73.33620509412432
TICRR,86.82521171685502
KIF7,130.06380448172814
PLIN1,184.95940118265537
PEX11A,186.24362799233347
WDR93,96.23936844106689
MESP1,202.17955218234286
MESP2,72.27181882073171
ANPEP,146.94647814498637
AP3S2,76.58780165130798
ARPIN,90.5696166341248
ZNF710,81.435468437521
IDH2,134.88004957692405
SEMA4B,108.61075502031218
CIB1,68.45848227676737
GDPGP1,97.30482801544366
TTLL13P,65.83887082463275
NGRN,148.48526301116232
ZNF774,108.87412435243425
IQGAP1,82.38265894139414
CRTC3,111.80046302740814
BLM,231.32673032896764
FURIN,167.353832399827
FES,100.7528991740221
MAN2A2,113.41528477519515
HDDC3,86.73057217427893
UNC45A,120.57659824454689
RCCD1,69.5117944016518
PRC1,112.0907145918757
VPS33B,117.97152846287281
SV2B,138.43363232278074
SLCO3A1,155.11856952994873
ST8SIA2,111.63119854260643
FAM174B,91.25488765134091
CHD2,137.78945353972324
RGMA,159.6778426479425
MCTP2,77.27605541183951
NR2F2,205.33603682715176
ARRDC4,139.56636460103397
FAM169B,57.43883916806027
IGF1R,132.92259405200542
PGPEP1L,57.98636415698519
SYNM,111.96588504770858
TTC23,55.43800393778906
LRRC28,73.16317732227242
MEF2A,109.9480368377881
LYSMD4,63.28940705064923
ADAMTS17,107.84652484277365
CERS3,56.67712945132044
ASB7,87.8732382080745
LINS1,107.17697627127254
ALDH1A3,174.68330844273444
LRRK1,73.27210723474485
CHSY1,141.1667688125957
SELENOS,139.2842522449881
SNRPA1,107.68158736360348
PCSK6,144.2856019988115
TM2D3,113.66605318481626
TARSL2,84.88052393183608
POLR3K,53.44944311857893
SNRNP25,57.80985195906851
RHBDF1,129.42471052029043
MPG,182.0447788680873
NPRL3,75.96121967949134
HBZ,85.16327448873446
HBM,85.99238560240201
HBA2,96.94046091093159
HBA1,105.40754193331756
HBQ1,29.32945539958388
LUC7L,145.4367159448518
FAM234A,161.01698823121592
ARHGDIG,120.51367188590862
RGS11,114.9193855740507
PDIA2,113.6184118153084
AXIN1,79.35819461049581
MRPL28,125.43462266792415
TMEM8A,119.9089467625285
NME4,138.32446354264596
DECR2,76.20544250669525
RAB11FIP3,94.42285791131613
CAPN15,115.46851243437993
PIGQ,89.68928881304154
NHLRC4,147.78509820506034
RAB40C,111.2559411232341
WFIKKN1,69.28072417948906
METTL26,98.32966811922208
MCRIP2,99.78414509393892
WDR90,102.47736848741047
RHOT2,132.31055299376624
RHBDL1,70.90616265867106
STUB1,131.3138595423414
JMJD8,101.7169193102209
WDR24,174.47186024723794
FBXL16,221.64722153829825
METRN,157.26646224424695
FAM173A,263.9420882445892
CCDC78,125.65673771573017
HAGHL,183.51361659865654
NARFL,85.06455547839309
MSLN,81.8971426778271
MSLNL,59.405514351373796
RPUSD1,104.12896933537289
CHTF18,150.8787242305098
GNG13,93.7571209148104
PRR25,62.17066234286463
LMF1,72.68298534618324
SOX8,210.4505020563874
SSTR5,65.09318127090646
C1QTNF8,113.07992307308629
CACNA1H,187.349033944089
TPSG1,88.04820580195485
TPSB2,36.31884103732159
TPSAB1,96.07733051308509
TPSD1,61.95500942297312
UBE2I,91.30475513374682
BAIAP3,74.47290282286261
TSR3,106.33771066851978
GNPTG,144.0558374236869
UNKL,174.5944416232275
C16orf91,66.80788250461873
LA16c-312E8.5,70.85514853386942
CCDC154,70.090470773019
CLCN7,162.10904941315485
PTX4,86.78115679125983
TELO2,118.07704369618799
TMEM204,171.10521875412638
IFT140,99.33607497788756
CRAMP1,120.62795813249525
HN1L,93.35564884957085
MAPK8IP3,149.7392667905749
NME3,125.02894999232046
MRPS34,169.82975542150606
EME2,67.47999279499695
SPSB3,146.76958623930153
NUBP2,127.50134421005347
IGFALS,72.2979258360607
HAGH,89.69810117281466
FAHD1,46.891263728138824
MEIOB,55.37453044241349
MSRB1,148.60858052780105
RPL3L,69.02081318790289
NDUFB10,220.2839398004244
RPS2,152.41797448490217
RNF151,45.858089012083155
TBL3,155.47377689433088
GFER,58.89382419842954
SYNGR3,153.21136926223176
ZNF598,69.82899907906497
NPW,55.790634520102145
SLC9A3R2,113.6004789350541
NTHL1,157.1306034937727
TSC2,111.84629887883548
PKD1,167.51963337349537
RAB26,169.4243013964428
TRAF7,133.59034040831884
CASKIN1,230.12862736755818
MLST8,70.31234174939408
BRICD5,103.21212506487711
PGP,99.44094371756597
E4F1,104.05368994722286
DNASE1L2,130.969703965631
ECI1,126.34042563169541
RNPS1,131.0705509619096
ABCA3,155.26085182578777
CCNF,83.78367567577357
C16orf59,60.47120785975062
NTN3,80.41326268676983
TBC1D24,131.4589879849442
ATP6V0C,249.20517504234152
AMDHD2,116.71259150116015
PDPK1,149.27922028961407
KCTD5,101.68523077996645
PRSS27,104.03665471456998
SRRM2,146.82317147391927
ELOB,208.2473044504797
PRSS33,51.77825057970699
PRSS21,63.03825222344187
ZG16B,107.60511438921881
PRSS22,84.7506998859777
FLYWCH2,102.86062612008507
FLYWCH1,53.283137904205546
KREMEN2,131.6251556704756
PAQR4,154.27374962918714
PKMYT1,74.76530668597712
CLDN9,80.74910694573805
TNFRSF12A,137.1426501190803
CLDN6,72.71683957323782
HCFC1R1,131.96154543112328
THOC6,128.77185544702593
BICDL2,80.24973343552585
MMP25,114.32526322623795
IL32,92.37543359405385
ZNF205,109.89607880913891
ZNF213,192.52767162190992
OR1F1,43.47515561392032
ZNF200,131.55801324662733
MEFV,120.90405099171235
ZNF263,99.41154076927361
TIGD7,61.70885618171101
ZNF75A,83.66178270412544
OR2C1,72.21303906887053
MTRNR2L4,51.36817016487191
ZSCAN32,81.59240779970327
ZNF174,75.05411273453583
ZNF597,99.30302081278654
NAA60,153.48261455194296
CLUAP1,72.1687154156167
NLRC3,58.86277159694416
SLX4,85.38544900381953
DNASE1,123.91299566700405
TRAP1,64.21820779855548
CREBBP,135.55012519966647
ADCY9,182.0300242372557
SRL,91.88904727112796
TFAP4,104.67064591596147
GLIS2,124.63750321411561
PAM16,158.72669275837586
VASN,138.1420652215667
CORO7,102.05087018727966
DNAJA3,111.19953764664686
HMOX2,89.91288547015503
NMRAL1,91.29356113495399
CDIP1,151.78710386893607
C16orf96,76.17919362904891
UBALD1,176.2453458557173
MGRN1,47.75344553909022
NUDT16L1,86.6084660063812
ANKS3,122.31314871407264
C16orf71,119.19420237602398
ZNF500,76.81248993859526
SEPT12,59.98270796074033
SMIM22,62.4003625666993
ROGDI,69.06656416036742
GLYR1,130.6189893842195
UBN1,118.40259015211174
SEC14L5,189.37850340561403
PPL,86.92369755446
NAGPA,61.92476346609726
C16orf89,129.92924054622227
ALG1,66.17052231266112
EEF2KMT,78.12322946320484
RBFOX1,284.5044776502204
METTL22,112.8156896849822
ABAT,234.35306317799922
PMM2,60.40213116623255
TMEM186,97.58751677506672
CARHSP1,166.8867730011089
USP7,115.14790455407996
C16orf72,105.33202950064404
GRIN2A,59.6240491775298
ATF7IP2,62.81779290294236
EMP2,182.05041975154728
TEKT5,43.982332394433286
NUBP1,63.16686254694034
TVP23A,81.20277960680178
CIITA,103.85472586703844
CLEC16A,108.22580568653677
RMI2,77.34782747365506
SOCS1,74.3012441969189
PRM2,89.2232689034019
PRM1,79.28183273946937
CTD-3088G3.8,79.20414674916864
LITAF,85.06304184968832
SNN,137.78555507365076
TXNDC11,109.57073184505066
ZC3H7A,89.4009187786466
RSL1D1,124.41803220048479
GSPT1,108.97712982557178
TNFRSF17,86.09383150510368
NPIPB2,32.30044957850066
SNX29,146.53495217501379
CPPED1,103.03612316045616
SHISA9,185.5926950550683
ERCC4,97.38201986145918
MKL2,158.02580216135038
PARN,67.1321763890619
BFAR,81.2127304747807
PLA2G10,68.70154562685363
NPIPA3,65.9018702121233
NPIPA2,80.56104884078817
NOMO1,68.22046497290049
NPIPA1,53.3722064693076
PDXDC1,114.34498790314021
NTAN1,108.927612330052
RRN3,100.37119982287669
NPIPA5,50.3021014642282
MPV17L,107.82886960889675
C16orf45,158.91279636106765
KIAA0430,179.55058119621123
NDE1,87.94315195802676
MYH11,125.60857609317847
FOPNL,92.77024749300298
ABCC1,111.76983577033403
ABCC6,87.75522370824316
NOMO3,36.72463576076942
AC138969.4,63.721181493718746
NPIPA7,72.54506481303326
XYLT1,199.88216336684192
RP11-1212A22.4,51.15955880848398
NOMO2,67.15503540691671
RPS15A,237.58647190870383
ARL6IP1,80.6891035933063
SMG1,147.9226214109124
TMC7,149.2774244494408
COQ7,54.64604049647798
ITPRIPL2,129.11300230710341
SYT17,116.06013776289248
CLEC19A,55.34121866310525
GDE1,126.86090505440515
CCP110,121.58057087709747
C16orf62,85.26165774329942
IQCK,89.52518752283271
KNOP1,64.27105954634408
GPRC5B,243.26094851830544
GPR139,115.49348190228054
GP2,101.2125730619588
ACSM5,63.52144842934038
ACSM1,61.46040301139837
THUMPD1,80.35100369208618
AC004381.6,96.41448414199658
DCUN1D3,83.4935415428152
ERI2,74.96793486666806
LYRM1,109.04124001138294
TMEM159,158.026465814478
DNAH3,146.4728175183114
CRYM,87.57599301436778
NPIPB3,54.68237512625129
METTL9,199.50248493711547
IGSF6,100.11101262473264
OTOA,53.46116182006463
NPIPB4,71.92799772368494
UQCRC2,108.88504512808802
PDZD9,92.50358392150736
C16orf52,114.69523082104243
VWA3A,136.14771369349867
SDR42E2,97.00463526321474
EEF2K,153.84499110269917
POLR3E,92.24070426834899
CDR2,123.48502920746631
NPIPB5,96.65897320234913
HS3ST2,103.67703201920324
USP31,114.19088934360727
COG7,90.06420808145438
GGA2,87.82055371032081
EARS2,87.17980048107435
UBFD1,96.62517286730275
NDUFAB1,157.4330392633315
PALB2,69.94321836275489
DCTN5,92.749883981919
PLK1,88.50427106489116
CHP2,87.47842717359435
PRKCB,299.9912023446287
CACNG3,243.68143388545758
RBBP6,156.03147774270224
TNRC6A,115.88482119323533
SLC5A11,98.01869950366446
ARHGAP17,134.35089390749425
LCMT1,141.61220152766657
AQP8,46.34364915190798
ZKSCAN2,79.4565546449617
HS3ST4,228.5122622724998
KDM8,67.7683765770771
NSMCE1,109.02866943258982
IL4R,94.16109176665597
IL21R,66.44411309732808
GTF3C1,286.28522468702073
KIAA0556,87.65100191868072
GSG1L,218.0448483183289
XPO6,143.09893096466254
SBK1,222.4123347451444
NPIPB6,88.44092009300323
EIF3CL,94.93614798079781
NPIPB7,55.40577112883068
CLN3,125.46618252327991
APOBR,137.13304120793777
IL27,41.911358500187475
NUPR1,119.04901012218374
SGF29,100.47626432702847
SULT1A2,54.57789668460154
SULT1A1,51.36204221276347
EIF3C,71.97901852898497
NPIPB9,75.45431893440747
ATXN2L,142.6154830214099
TUFM,135.48424676967085
SH2B1,126.52866869354054
ATP2A1,114.03225870696599
CD19,65.43368690687447
RABEP2,74.74875409727264
NFATC2IP,114.13746304330593
SPNS1,142.32038814016357
LAT,130.79439733688432
NPIPB11,46.3332301202889
BOLA2,40.79674984179036
SULT1A4,59.020266519022755
NPIPB12,56.36167805203226
SPN,87.64754914830522
QPRT,105.1153937963775
C16orf54,111.18727160600369
KIF22,171.1902495970943
MAZ,125.40952679761799
PRRT2,187.18905645163528
PAGR1,101.607372035353
MVP,122.895244779694
CDIPT,105.93926960552076
SEZ6L2,146.51807004699882
ASPHD1,170.75297084380358
KCTD13,236.7323441243161
TMEM219,97.1187021225733
TAOK2,167.63151722412198
INO80E,93.40104967526563
HIRIP3,153.0784656930392
DOC2A,117.5079820092939
FAM57B,249.5557819154751
ALDOA,189.27932349504738
PPP4C,114.99868310107362
TBX6,60.7343076167663
YPEL3,122.34427970559318
GDPD3,60.07114003100756
MAPK3,106.30892159247222
CORO1A,155.93911388908023
BOLA2B,49.399654346267226
SLX1A,44.2947720393434
SULT1A3,63.55661345397709
RP11-347C12.3,61.702837824794614
NPIPB13,65.35148746709945
CD2BP2,152.8458900899294
TBC1D10B,160.27861973766272
MYLPF,127.35943002690652
ZNF48,80.55450983995544
SEPT1,71.40753547496831
ZNF771,288.6659272886907
DCTPP1,98.11532479132825
SEPHS2,129.6724559365975
ITGAL,169.62338431801913
ZNF768,116.04709802824837
ZNF747,66.74766297465823
ZNF764,73.63672549011989
ZNF688,87.73247205804367
ZNF785,96.92077186877182
ZNF689,97.64151054920299
PRR14,99.98350936036297
FBRS,132.88584681435853
SRCAP,146.95428286894744
TMEM265,97.23468038430482
PHKG2,77.93382813809617
CCDC189,75.33420104090771
RNF40,110.37617715140843
ZNF629,90.82932848208787
BCL7C,97.534080529016
CTF1,92.89132060235792
FBXL19,202.76478240994447
ORAI3,100.75615618364242
SETD1A,111.48296802144924
HSD3B7,131.13582075207114
STX1B,206.971031667779
STX4,146.58989368924023
ZNF668,123.13281217490655
ZNF646,86.18100619597803
PRSS53,85.38320130681632
VKORC1,96.96677314236811
BCKDK,136.5464355586034
KAT8,82.85798474193987
PRSS8,72.34606149755362
PRSS36,74.05916215739825
FUS,205.9805376688038
PYCARD,109.49497809512991
TRIM72,61.731906604963484
PYDC1,91.10383744937789
ITGAM,123.06603787837383
ITGAX,132.28639773813515
COX6A2,96.07150996179422
ZNF843,73.79254725849731
ARMC5,90.33246546851603
TGFB1I1,158.98611689756802
SLC5A2,46.34969014092178
C16orf58,161.36470821283405
AHSP,78.54764159669082
ZNF720,84.13621870032523
ZNF267,54.24734921574964
TP53TG3D,48.92923576771008
SHCBP1,103.25607666514009
VPS35,286.86214742462136
ORC6,81.58123492082561
MYLK3,180.0225791168561
C16orf87,96.94281486698313
GPT2,152.17685061004198
DNAJA2,174.92403866667763
NETO2,110.29193347119829
PHKB,106.3803075393177
ITFG1,150.13579301674793
LONP2,139.91583634196223
ABCC11,102.8837046024681
SIAH1,128.90757892183706
N4BP1,128.05766140240297
CBLN1,130.8703280559093
ZNF423,169.00316556662932
CNEP1R1,78.75686829508024
HEATR3,68.77087317298458
PAPD5,81.06563370502408
ADCY7,135.03971730631991
BRD7,217.3079519864554
NKD1,80.34586400005978
SNX20,99.44532714143523
NOD2,66.5441221583801
CYLD,168.19832886668127
SALL1,132.8549607902491
TOX3,156.34175457954234
RP11-467J12.4,137.7095851046009
CHD9,214.52814381034977
RBL2,105.34284500861747
AKTIP,93.34126664571266
FTO,93.60082797177722
RPGRIP1L,134.35610800078072
IRX3,176.71598149595013
IRX5,63.81008882443095
IRX6,151.14533606966137
MMP2,131.6193538710733
LPCAT2,144.82391918603855
CES1,60.83249758820213
CES5A,61.81777430055254
GNAO1,178.9462852326019
AMFR,82.18325844995437
OGFOD1,101.76383834767421
NUDT21,162.44778187669488
BBS2,150.3271239124271
MT3,132.11297045828925
MT2A,83.01277309992523
MT1E,103.2912486686024
MT1M,103.35917315439787
MT1A,96.92078553591801
MT1F,130.6774405964361
MT1G,121.66298467983273
MT1H,134.8841037816938
MT1X,116.0087155484573
NUP93,78.90049622324733
SLC12A3,54.41981682818576
HERPUD1,186.5481502699082
CETP,69.79366699474585
NLRC5,146.278188358482
CPNE2,120.42859036733492
FAM192A,134.6536842611331
RSPRY1,59.68699796762931
ARL2BP,174.82226246397394
PLLP,136.35574117066875
CCL22,74.7413614429521
CX3CL1,113.61707214507209
CIAPIN1,97.49013804052129
COQ9,109.88838776965363
POLR2C,107.27723927822072
DOK4,103.57855641334146
CCDC102A,97.96024929624775
ADGRG5,63.20665664105917
ADGRG1,190.59237366159982
ADGRG3,143.2732618677502
DRC7,103.4849351044831
KATNB1,131.4679778223914
KIFC3,172.22774659288729
ZNF319,101.63187722164736
USB1,159.45086268313662
MMP15,132.62175443687318
CFAP20,175.7082693973813
CSNK2A2,80.16882318442879
CCDC113,78.43739392065751
PRSS54,103.01733461708025
GINS3,191.99187398397535
NDRG4,159.61130042238574
SETD6,65.49810162929111
CNOT1,115.50346384573916
SLC38A7,79.7591847850949
GOT2,157.645971054465
CDH8,238.74178832031788
CDH11,186.60909548682093
CDH5,232.48453010574934
BEAN1,73.66635173254093
TK2,80.72447993742088
CKLF,53.19029376844003
CMTM1,100.75122156045401
CMTM2,79.42554540207777
CMTM3,108.7296032148995
CMTM4,249.49177730555476
DYNC1LI2,314.59356205543435
CA7,128.2604925522721
NAE1,108.97001606340973
PDP2,191.44842294416645
RRAD,121.27780451107662
FAM96B,146.85330507708423
CES2,163.03990074638358
CES3,80.9441876450314
CES4A,154.8517024486855
CBFB,95.43106346049345
C16orf70,122.94800152805644
B3GNT9,188.25213353137673
TRADD,126.8583665126813
FBXL8,156.36340687908086
HSF4,205.8620654488489
NOL3,178.29510689868704
KIAA0895L,156.9207934548404
EXOC3L1,105.4897155329337
E2F4,95.53671892182604
ELMO3,63.501633299962606
LRRC29,118.30702793486918
TMEM208,94.10935782439083
SLC9A5,144.69139502301323
FHOD1,128.55458687518393
PLEKHG4,113.7693201468411
KCTD19,95.52151230095882
LRRC36,98.79681484662959
TPPP3,223.37828300346564
ZDHHC1,98.40723601238543
HSD11B2,110.5829341590136
ATP6V0D1,146.28015326582334
AGRP,52.262760565771714
FAM65A,184.65358413040974
CTCF,115.46647457939866
CARMIL2,129.19699385265602
ACD,93.61625400680535
PARD6A,149.8259031891864
ENKD1,69.35560788893636
C16orf86,55.80332614841862
GFOD2,137.34545965984515
RANBP10,133.54518619539058
TSNAXIP1,87.44300780078763
THAP11,128.95150026972163
NUTF2,119.11737830036157
CENPT,129.44973298321747
EDC4,184.98098174728614
NRN1L,145.9227171616015
PSKH1,163.025188448268
CTRL,107.62834745223677
PSMB10,138.77363627778084
LCAT,119.54928257743208
SLC12A4,136.0788390695111
DPEP3,74.63448021563067
DUS2,93.73604641572652
DPEP2,123.05254453564964
DDX28,84.32272720745712
NFATC3,112.68853487148652
ESRP2,58.229167110276165
PLA2G15,72.02570395010832
SLC7A6,70.04639984186807
SLC7A6OS,83.90925362736388
PRMT7,156.3241538104886
SMPD3,125.73323985390184
ZFP90,73.55675103555393
CDH3,82.55254039350777
CDH1,121.04015550630649
TANGO6,122.78425596663729
HAS3,118.44062019421648
UTP4,100.63846419799106
CHTF8,168.17164149747555
SNTB2,138.89885888138284
VPS4A,78.59965461304986
PDF,93.01742749667721
COG8,78.85077945024548
NIP7,80.29190833372255
TMED6,55.517623618179556
TERF2,91.83598997507164
CYB5B,182.62500275140638
NFAT5,115.21921982095722
NQO1,166.79139900595266
NOB1,89.25316447588622
WWP2,151.53661933597255
CLEC18A,44.45509631699326
PDPR,81.17040358188217
CLEC18C,59.894456476320244
EXOSC6,56.11977462640374
AARS,190.33971348830949
DDX19B,91.33619463743528
DDX19A,81.23441854627396
ST3GAL2,108.4686043678621
FUK,94.50694999920447
COG4,96.03239838604563
SF3B3,146.8953883496524
IL34,99.634650710384
MTSS1L,192.05482856221914
VAC14,188.62455913157442
HYDIN,135.63883937023041
CMTR2,126.35343053701044
CALB2,204.260009007968
ZNF23,72.34032578287437
ZNF19,110.4600736367172
PHLPP2,102.0309971342443
AP1G1,100.79013449798757
ATXN1L,135.13318708157803
IST1,101.27059285897539
ZNF821,67.95824061268414
DHODH,125.23732329947515
HP,81.4365364305946
HPR,64.09535270010738
DHX38,157.79006200662138
TXNL4B,75.61576688226646
PMFBP1,63.86853718904209
ZFHX3,154.5362213973534
PSMD7,152.78010350437694
NPIPB15,81.91878181283593
CLEC18B,76.14764009201855
GLG1,237.70527328160455
RFWD3,75.55397655617699
MLKL,125.55254032555837
FA2H,209.18373257240017
ZNRF1,156.33930769816084
WDR59,145.94591512251213
LDHD,150.0993024489028
ZFP1,80.8171162166949
CTRB2,130.62850570467447
CTRB1,107.13943338957293
BCAR1,142.4526664178653
CFDP1,110.88753786746727
TMEM170A,126.12559529079829
CHST6,193.58276469457678
CHST5,85.4516111725282
TMEM231,120.26450637408655
GABARAPL2,189.33355900209307
ADAT1,63.968866905604386
KARS,195.7936806022235
TERF2IP,219.52920848781412
CNTNAP4,98.01735585767699
MON1B,102.17676584256333
SYCE1L,49.164740679191766
ADAMTS18,64.63802334889124
NUDT7,68.28771461093987
VAT1L,170.03289102492448
CLEC3A,60.72303869159626
WWOX,86.50362746043777
MAF,151.32586448782
DYNLRB2,82.54528349762259
CDYL2,148.59283648286026
CMC2,132.88775013272146
CENPN,78.8379680553681
ATMIN,145.30586305120943
C16orf46,84.07118334653217
GCSH,89.92064880317793
BCO1,113.02988730177643
GAN,124.03686558357106
CMIP,170.8322996535626
PLCG2,45.92899346487698
SDR42E1,61.028243037916866
MPHOSPH6,58.86141789407617
CDH13,111.62799127185235
HSBP1,127.8346185467789
MLYCD,143.62369781238107
RP11-505K9.4,74.47022163288639
OSGIN1,139.3341827798434
NECAB2,119.81519159256308
SLC38A8,63.19691813592499
MBTPS1,78.27813816593383
HSDL1,103.97650091020606
DNAAF1,144.91836976903912
TAF1C,93.07029505942288
ADAD2,69.61490256230778
KCNG4,104.70373205358987
WFDC1,149.51271395869637
ATP2C2,127.3464367783937
TLDC1,59.45628516026838
COTL1,72.65419946141947
KLHL36,89.91558563518515
USP10,112.44720581233184
CRISPLD2,103.5572359442804
ZDHHC7,179.7804589652655
KIAA0513,160.90185309647393
FAM92B,130.31577482353953
GSE1,168.37629836272725
GINS2,63.51725023045506
C16orf74,87.97245037379113
COX4I1,224.73625270036888
EMC8,82.78957605185019
IRF8,148.74644696979828
FOXF1,229.85039067631624
MTHFSD,77.21945881044337
FOXC2,107.35557660240607
FOXL1,99.67939151589391
C16orf95,58.16713764517155
MAP1LC3B,92.18437685913582
FBXO31,141.49969142220624
ZCCHC14,91.96801514059246
JPH3,238.5929003971773
KLHDC4,72.78239280087698
SLC7A5,309.3057732526288
CA5A,49.342129470263416
BANP,116.13817804513445
ZNF469,117.84759148969022
ZFPM1,243.36072006897845
ZC3H18,130.31231132323686
IL17C,51.6965679981258
CYBA,77.69051272065187
MVD,117.86589850253293
SNAI3,87.35659977675851
RNF166,89.25201514347609
CTU2,89.41767775942381
PIEZO1,121.66025355125532
CDT1,125.69150279758838
APRT,82.69838843331885
GALNS,85.30060103822811
TRAPPC2L,115.73513011507757
PABPN1L,76.88209504204684
CBFA2T3,154.69351351356647
ACSF3,75.4159709510732
CDH15,83.16293572850489
SLC22A31,56.56770446927783
ZNF778,66.94314375684738
ANKRD11,164.62585897948998
SPG7,69.92836396517569
RPL13,186.79939894392743
CPNE7,89.03320063794274
DPEP1,62.78667537975937
CHMP1A,74.43263666666925
SPATA33,55.18869908571881
CDK10,85.67609886343533
SPATA2L,151.1863351205118
ZNF276,83.65192034812358
VPS9D1,77.84510394884379
FANCA,55.918699617836324
SPIRE2,143.19010732861082
TCF25,129.08928016209782
MC1R,89.69099942610285
TUBB3,153.0979500125648
DEF8,96.2183863707221
CENPBD1,107.56386706686871
GAS8,64.37326717992542
DBNDD1,163.77017945223798
DOC2B,106.21174973584229
RPH3AL,63.403820947450015
C17orf97,130.38839752434285
RFLNB,87.65680214750506
VPS53,82.88016553187558
FAM57A,92.80792848792404
GEMIN4,73.00961190021519
MRM3,147.58810200799377
GLOD4,54.379611760269995
NXN,98.06276556021868
TIMM22,77.37114566082914
ABR,127.81596193631833
BHLHA9,51.18522900787312
YWHAE,192.69251784362
CRK,82.54028196628568
MYO1C,127.34135554780264
INPP5K,80.47913969380639
PITPNA,110.1658746411905
SLC43A2,129.73999610341357
SCARF1,138.0639041386782
RILP,72.64669254536733
PRPF8,173.53490086089835
TLCD2,94.88679423295218
WDR81,169.9185416063853
SERPINF2,43.92504309259439
SERPINF1,131.92941441950717
RPA1,107.10958388544634
SMYD4,62.925547248990085
RTN4RL1,125.52421184162827
DPH1,135.79404985979062
HIC1,172.93537507937478
SRR,70.16557973855296
SMG6,156.48480672892902
TSR1,120.01964751509868
SGSM2,145.99272215776801
MNT,178.77219394821358
METTL16,94.72037811919895
PAFAH1B1,202.20977592957195
CLUH,118.17290996844659
RAP1GAP2,87.28118673405191
OR3A2,55.30948604523786
OR3A3,48.03869629782497
SPATA22,74.11573361808874
ASPA,120.22888613107514
TRPV3,102.62635557660982
TRPV1,85.64800274225317
SHPK,65.69011175776089
CTNS,112.61714826853247
TAX1BP3,82.69049660305106
EMC6,153.27235770638387
P2RX5,84.550210241147
GSG2,47.57451917349621
ITGAE,88.54351218988077
NCBP3,89.1546023698424
CAMKK1,191.08412673550833
P2RX1,73.28252629326397
ATP2A3,95.00970129629613
ZZEF1,117.07554597049167
CYB5D2,86.65177411085926
ANKFY1,111.71106334857853
UBE2G1,197.20308255034166
SPNS3,112.59832607440401
SPNS2,89.91641210412106
MYBBP1A,89.87150901711965
SMTNL2,107.10051902121236
ALOX15,104.72885226474585
PELP1,78.02813166681693
ARRB2,212.60802540040993
MED11,88.3133359002544
CXCL16,125.41110786481147
ZMYND15,64.8026003590951
VMO1,56.11605028435582
GLTPD2,134.13429983799577
PSMB6,178.90029342142242
RP11-81A22.5,81.4678185202159
PLD2,107.60559985478417
MINK1,106.07144828422275
C17orf107,85.19678065571136
CHRNE,65.65492137836563
GP1BA,65.81184744378993
SLC25A11,152.67351480065096
RNF167,137.9843661808022
ENO3,105.14827970765015
PFN1,152.50078051113195
SPAG7,101.9289252964328
CAMTA2,168.42704690847364
INCA1,102.98902482582017
KIF1C,198.65971986889775
SLC52A1,68.8108250512887
ZFP3,74.20050868525931
USP6,46.146175264283556
ZNF232,68.01556312794685
ZNF594,98.88621400055129
SCIMP,72.31033810728812
RABEP1,124.49163257847158
NUP88,90.6404097972281
RPAIN,104.85013608206762
C1QBP,153.76473642240484
DHX33,77.21714948423437
MIS12,79.44530948486482
DERL2,140.66257930807643
NLRP1,108.96072576167415
WSCD1,247.41059824376188
FAM64A,77.4812829969367
PITPNM3,229.16743734816203
CTC-281F24.5,96.50398120093934
KIAA0753,93.00302944930382
TXNDC17,181.42984178338145
MED31,99.20235652906291
C17orf100,77.07415878297874
SLC13A5,154.54517306259248
XAF1,159.2329387425593
FBXO39,56.86632934110628
TEKT1,163.2113739273239
ALOX12,60.86235453655658
RNASEK,119.77663967558681
C17orf49,78.65634725423291
BCL6B,143.7947035697088
SLC16A13,64.81148704870225
SLC16A11,78.21709858703633
CLEC10A,90.22672018788393
ASGR2,68.28087631936975
ASGR1,88.98490337176352
ACADVL,210.4952923740937
DLG4,210.25119107367334
DVL2,186.8199737930788
PHF23,105.97304123117823
GABARAP,196.85680512023856
CTDNEP1,96.3304149555401
ELP5,88.0785765279904
CLDN7,85.29512207178743
SLC2A4,112.96575604025509
YBX2,78.61676379078511
EIF5A,90.92523982826344
GPS2,148.45396353190304
NEURL4,76.91287009852911
ACAP1,111.37224808157825
KCTD11,111.85460464208046
TNK1,82.93795996769632
PLSCR3,163.73576331962067
TMEM256,103.26010106443016
NLGN2,155.44902408905511
C17orf74,83.39105208884664
TMEM102,79.01567350000644
FGF11,90.83084390759208
CHRNB1,112.8130505302903
SLC35G6,63.441056805876684
ZBTB4,190.71724485512755
POLR2A,173.73637640929672
TNFSF12,196.71581300969
TNFSF13,141.0138507820248
SENP3,108.59514695716055
EIF4A1,121.65951751507774
CD68,118.22989905814683
MPDU1,188.68305201068506
SOX15,148.46706305862492
SHBG,50.078231200513244
FXR2,174.18215561328014
SAT2,122.38578843173227
ATP1B2,128.81896418975438
TP53,128.4977837539947
WRAP53,106.38686017114742
EFNB3,220.67740892311178
DNAH2,150.7814610733145
KDM6B,108.81111165433649
TMEM88,144.45406392817875
CYB5D1,74.7872098165156
CHD3,203.51326786313263
NAA38,256.57488811926294
AC025335.1,112.9617417761024
KCNAB3,167.18552205632471
TRAPPC1,169.66899010268432
CNTROB,121.34821635296478
GUCY2D,50.00186681117728
ALOX15B,100.5099564033784
ALOX12B,71.99688133250686
ALOXE3,98.92774768940248
HES7,97.61449598709356
PER1,228.21826428913204
VAMP2,115.38820851782216
TMEM107,72.57136110970785
BORCS6,77.16344053080763
AURKB,98.02890600549077
PFAS,83.1577653300132
CTC1,72.37074647557185
RANGRF,70.19553682048857
SLC25A35,127.61272692936697
ARHGEF15,245.00650422436615
KRBA2,77.6264792949757
RPL26,246.49568668104737
NDEL1,132.67310023929895
MYH10,182.26057686329654
MFSD6L,59.625909994427786
PIK3R6,111.76506682706363
PIK3R5,93.46191948107872
NTN1,164.98192706525526
STX8,74.40309408736744
CFAP52,147.3375227635573
USP43,147.71832425552114
GLP2R,47.44081821337235
RCVRN,52.2005917230199
GAS7,105.204588479043
MYH1,140.06797796716998
MYH2,131.77184189065352
MYH3,89.40155264402301
ADPRM,68.9432689515842
SCO1,103.89570454304493
TMEM220,50.66056964548636
LINC00675,124.1673559142956
PIRT,152.6437574277506
SHISA6,168.04166657299493
DNAH9,137.55345892859575
ZNF18,88.07838246092797
MAP2K4,120.67352710729665
MYOCD,88.79328060785878
ARHGAP44,136.5114366036033
ELAC2,80.83032565675967
COX10,64.67373212541773
HS3ST3B1,73.14653148755386
PMP22,141.1973973026717
TEKT3,80.49137076497328
CDRT4,126.35707430886904
TVP23C,68.67794911795639
CDRT1,70.51130039466221
TRIM16,121.45149962535169
ZNF286A,119.02598979394836
TBC1D26,79.406312093911
ADORA2B,134.9038545670415
ZSWIM7,46.00662022994436
TTC19,123.11082956454175
NCOR1,160.16713802961743
PIGL,100.47796635139014
CENPV,77.75061786505421
UBB,65.97305086135174
TRPV2,94.83453754884488
LRRC75A,113.11411799598031
ZNF287,120.98311803118014
ZNF624,103.5227548353578
CCDC144A,58.56964530164993
MPRIP,181.5420074280843
PLD6,121.65491410993806
FLCN,76.74807843538446
COPS3,116.76727738285007
NT5M,114.93618574849606
MED9,142.0237429970166
RASD1,244.15344313293843
PEMT,148.95214370210104
RAI1,140.2070817704327
SREBF1,135.9242057002656
TOM1L2,115.11306949688259
DRC3,131.98564445281164
ATPAF2,81.21619601723685
GID4,112.71804576789526
DRG2,75.51204055114499
MYO15A,57.79516478688339
ALKBH5,110.55049254287644
LLGL1,151.1508935453189
FLII,173.69529604351516
MIEF2,87.00874784304821
TOP3A,85.19335690793596
SMCR8,110.19365695063385
SHMT1,54.549563811299976
FAM106A,67.26988216464176
TBC1D28,49.2314339399573
ZNF286B,90.17764680168659
TRIM16L,127.91041230068558
FBXW10,89.81593690104535
TVP23B,67.99711812608203
PRPSAP2,70.99845676263129
SLC5A10,89.74314719191986
FAM83G,89.51995797437485
GRAP,175.51982792727364
EPN2,240.8540007477527
MAPK7,133.6203923420651
B9D1,160.23652051123528
MFAP4,136.52020400402554
RNF112,158.6210078697648
SLC47A1,150.43109770716234
ALDH3A2,172.58845630472166
SLC47A2,125.71961750984923
ALDH3A1,47.38766325345833
ULK2,164.27997981031962
AKAP10,96.29017844227357
SPECC1,109.43189444347271
CCDC144NL,53.46911098931275
USP22,134.91079702755096
DHRS7B,87.93641597192482
TMEM11,75.8940069989736
NATD1,149.0457919458462
MAP2K3,114.29307859099103
KCNJ12,84.77763647697972
C17orf51,79.6702779834117
MTRNR2L1,91.61696626836357
WSB1,156.98731394442405
KSR1,131.93522396802013
LGALS9,139.90433550854243
NOS2,51.97517692550804
LYRM9,91.89152501489562
NLK,149.2264242118937
TMEM97,88.2045247130153
IFT20,128.84181043531547
TNFAIP1,116.37596848232408
POLDIP2,134.37241788663925
TMEM199,66.91834377030472
SARM1,120.44170430279627
VTN,113.56950818851863
SLC46A1,133.6478327592936
UNC119,130.03071882655553
PIGS,153.8069043389838
ALDOC,141.76711896460785
SPAG5,123.57363891590029
RP11-192H23.4,142.8850465497358
SGK494,129.99744927879144
KIAA0100,181.57800967413405
SDF2,83.18490369256293
SUPT6H,111.7394538665583
PROCA1,93.60552652856694
RAB34,147.96657029035265
RPL23A,157.82036360649312
NEK8,96.44263857473555
TLCD1,127.60266005630595
TRAF4,110.65839471736979
FAM222B,122.7802154341631
ERAL1,71.86937314508731
FLOT2,141.74313101713614
DHRS13,107.57799719911685
PIPOX,111.27537147927467
PHF12,132.60355751706496
SEZ6,213.27980912690583
TIAF1,91.14691576767436
MYO18A,105.48950981387665
NUFIP2,175.2857144284642
TAOK1,149.35027092702157
TP53I13,134.43886219084044
ABHD15,83.70841507915807
ANKRD13B,170.68762923828484
GIT1,196.66210514940877
CORO6,245.5224762656007
EFCAB5,91.43373071064286
SSH2,110.13358490410741
NSRP1,86.39381418024124
SLC6A4,59.541494157894306
BLMH,96.43459298556263
CPD,130.85370779934576
GOSR1,81.47314568379258
TBC1D29,48.63004018079434
CRLF3,115.13386846303342
ATAD5,126.85956241317328
TEFM,49.2679329907684
ADAP2,99.51478947349204
RNF135,79.67724411350537
NF1,202.49436708205718
OMG,166.5467098841997
EVI2B,215.75216808468826
EVI2A,226.22369894924913
RAB11FIP4,145.53819804624732
COPRS,164.06780619545057
UTP6,107.00205774431691
SUZ12,68.60948868404554
LRRC37B,121.2036243756844
RHOT1,117.68088460872005
RHBDL3,81.07893520985084
C17orf75,129.06545925631178
ZNF207,187.5016247019958
PSMD11,153.42406922679248
CDK5R1,121.53671695617467
MYO1D,108.24600061996514
TMEM98,76.59070230527695
ASIC2,184.98740157516687
CCL2,107.24068035332954
CCL8,69.18546207606138
TMEM132E,211.49469683867176
CCT6B,100.84154111805236
ZNF830,117.05243454362008
LIG3,88.4498834485932
RFFL,125.43878376220721
RAD51D,61.78666159885833
NLE1,137.95960323724915
SLFN5,66.7223627225836
SLFN11,100.28739191187577
SLFN12,94.56046564116454
SLFN13,152.1314913886233
SLFN12L,123.11390401219973
PEX12,77.70882032242159
AP2B1,215.1995773398471
RASL10B,254.10952908259821
GAS2L2,130.12069616960449
C17orf50,69.49456899471511
MMP28,162.58708789015134
TAF15,228.7149827360929
CCL5,157.20051872481085
RDM1,88.06533280772567
CCL14,84.00468412018813
CCL3,98.36465982930508
CCL4,81.66805548896343
CCL3L3,63.94523931732695
CCL4L2,73.82056771001709
ZNHIT3,141.77227213421656
PIGW,109.20074932800424
MYO19,107.62802720443264
GGNBP2,127.34414243958915
DHRS11,71.1018982389354
MRM1,76.04488181403633
LHX1,61.89506213841662
AATF,104.22360999439564
ACACA,159.64575334028655
TADA2A,42.21094258508472
DUSP14,202.83643988470777
SYNRG,105.14635170479468
DDX52,84.37223949837886
TBC1D3L,41.4000196317983
MRPL45,104.63278859553967
GPR179,149.2910575679654
SOCS7,81.09830964303671
ARHGAP23,159.99511905316024
SRCIN1,159.1309114607701
EPOP,151.64990167101905
MLLT6,188.98938031349644
CISD3,80.10359415254729
PCGF2,99.92526782185064
PSMB3,177.54297997024042
PIP4K2B,168.03389727550262
CWC25,101.94416471354259
RPL23,207.300150719275
LASP1,199.93061308938474
LINC00672,110.09111398072636
PLXDC1,154.87560450381315
ARL5C,61.251814341346176
CACNB1,119.43131694496444
RPL19,253.6372536349824
STAC2,164.839313906285
FBXL20,112.98872091909894
MED1,88.32647522822148
CDK12,72.2592131130921
NEUROD2,89.90550342272343
PPP1R1B,169.4917865555727
STARD3,109.70692526242019
TCAP,120.63480017360803
PNMT,132.53338148481393
ERBB2,127.65842705156027
PGAP3,99.93708879527276
MIEN1,106.1609946578807
GRB7,116.34661941196666
IKZF3,136.45196332739843
GSDMB,95.62587782892214
ORMDL3,118.50650568372785
PSMD3,173.44361066916036
CSF3,157.36465457577452
THRA,194.6473228344516
MED24,111.0948281687725
NR1D1,155.0753903877946
MSL1,163.74763942478108
CASC3,130.4814804733167
RAPGEFL1,143.15773800969532
WIPF2,130.55801847051507
CDC6,138.9706666423875
RARA,136.14179612715924
TOP2A,126.23857443843423
IGFBP4,153.1111157532908
CCR7,90.82557399900935
SMARCE1,107.54850509367833
KRT222,181.9951080135479
KRT27,51.78467616638295
TMEM99,39.45564539717611
KRT10,174.14533079012983
KRT23,60.92541550235637
KRT31,60.20566056152154
KRT13,141.7822065547909
KRT15,107.5526182254531
KRT19,100.88212373567993
KRT14,145.1393545889485
KRT16,92.78611892181834
KRT17,84.40995710435277
EIF1,213.52545841449256
GAST,60.66108548490013
HAP1,157.6072321530639
JUP,87.26976324743964
P3H4,122.33522961176837
FKBP10,214.04841349308043
KLHL10,60.45996552974643
NT5C3B,83.50318085010736
KLHL11,65.633682946552
ACLY,235.36081487468198
TTC25,61.41288810832381
CNP,207.52259265072342
NKIRAS2,106.72819892278827
DNAJC7,174.60572140107087
CTD-2132N18.2,116.36546693114076
ZNF385C,101.81661907740414
DHX58,129.0481258793822
KAT2A,233.35248565005168
HSPB9,60.35808468363251
RAB5C,154.98413269829183
KCNH4,170.03655422182192
HCRT,65.11659666517926
GHDC,93.84650493241111
STAT5B,132.03815986840812
STAT5A,203.71191648177904
STAT3,141.54458671253548
PTRF,144.48927925777383
ATP6V0A1,106.12227606507193
NAGLU,116.03630146069176
HSD17B1,100.2415854918026
COASY,180.64557844624954
MLX,100.65492215998506
PSMC3IP,99.82877340832786
FAM134C,123.98363663397296
TUBG1,92.7257833039883
TUBG2,158.1895572852913
PLEKHH3,85.38199755679958
CCR10,93.66669676914299
CNTNAP1,207.9927645529433
EZH1,170.30961602777649
RAMP2,168.99685473426877
VPS25,69.08667885250935
WNK4,78.95933813227165
COA3,128.00317030384133
CNTD1,80.94974821329922
PSME3,134.03163250818935
BECN1,141.17704828982232
AOC2,95.00186344049882
AOC3,128.301773542715
AARSD1,101.90528406057084
PTGES3L,93.14254946610106
RUNDC1,107.23527903178484
RPL27,287.19281244582294
IFI35,125.92543149178815
VAT1,184.36057575876515
RND2,176.25078239398624
BRCA1,77.70188897009888
NBR1,160.29906481298895
TMEM106A,87.93370241494836
LINC00854,90.75288485757542
ARL4D,132.73275531204328
DHX8,122.63149140038382
ETV4,71.03893207238366
DUSP3,132.75356667386768
MPP3,131.0022208222249
CD300LG,54.93725024611436
MPP2,142.12793765678452
PYY,59.381312944312384
NAGS,83.94960708366679
TMEM101,86.27836730987457
LSM12,62.3350442170447
G6PC3,122.81631211200116
HDAC5,178.4888258047805
C17orf53,59.71980883298497
ASB16,59.838306256568615
TMUB2,78.80739587490939
ATXN7L3,189.45519092213516
UBTF,153.45210239432475
SLC4A1,95.6374557878651
RUNDC3A,220.977785778917
SLC25A39,130.97755625871116
GRN,76.49116601166381
FAM171A2,142.78737720698422
ITGA2B,80.9632140144806
GPATCH8,126.81341058415197
FZD2,150.12516714828877
MEIOC,54.93627912611393
CCDC43,99.91479236515275
DBF4B,59.02970218136923
ADAM11,137.43527679647542
GJC1,182.20494201153906
HIGD1B,146.5038903288653
EFTUD2,117.14148468591748
GFAP,230.14080717867006
KIF18B,120.63296285066309
C1QL1,183.41905934114106
NMT1,144.00995937282883
DCAKD,141.08230940809307
ACBD4,114.8367901964989
PLCD3,139.24594987954953
HEXIM1,130.19446488670715
HEXIM2,62.020348438630464
FMNL1,160.9414711619597
MAP3K14,120.97906679652655
ARHGAP27,131.22272007953092
PLEKHM1,116.02648164166905
CRHR1,119.4456078921882
SPPL2C,65.22790516894545
MAPT,170.40075348030194
STH,66.47926532706029
KANSL1,65.78344020281725
LRRC37A,54.437078426336626
ARL17B,52.0813313741308
LRRC37A2,41.50920225797731
ARL17A,36.55009266672292
NSF,244.03390807776924
WNT3,65.24715689472009
GOSR2,69.07509966564805
RPRML,241.29552632589952
CDC27,109.85933714218717
MYL4,85.4984053583361
ITGB3,119.15314748275892
EFCAB13,81.73056162845427
NPEPPS,127.62254799985479
KPNB1,173.71220153848788
TBKBP1,138.0197334783781
TBX21,139.08987601806456
OSBPL7,144.70277283995085
MRPL10,97.00460409982782
LRRC46,137.65265219529428
SCRN2,60.59014371304099
SP6,48.410244441661746
SP2,194.65776871314426
PNPO,112.56172524698354
PRR15L,66.44921165479735
CDK5RAP3,86.53165765733058
COPZ2,103.75892035567952
NFE2L1,151.13953140481973
CBX1,158.8618448861694
SNX11,74.19350587527421
SKAP1,71.78372303773804
HOXB2,86.62546421061447
HOXB7,91.01377512108215
TTLL6,68.39735854840993
CALCOCO2,156.34191328762006
ATP5G1,159.25753429165752
UBE2Z,202.17323107258323
SNF8,99.98102491958474
GNGT2,61.735672400184654
ABI3,98.20104715662137
PHOSPHO1,87.57487889710004
ZNF652,143.78221129044442
PHB,134.83910155928177
NGFR,85.86873854056924
NXPH3,165.619043562279
SPOP,164.29839128239837
SLC35B1,107.57367473223246
FAM117A,130.90570212847254
KAT7,144.7204677824318
DLX4,69.28111307499213
DLX3,59.6837193872463
ITGA3,115.83199092435635
PDK2,173.24639643719075
SAMD14,153.1549692416658
PPP1R9B,211.23871420799253
SGCA,81.17805271670036
COL1A1,70.45958167977517
TMEM92,70.45848394316207
XYLT2,122.27206450919414
MRPL27,117.33458306980054
EME1,51.63852170691834
LRRC59,103.53198094502261
ACSF2,156.09771313871252
CHAD,101.06085891784278
RSAD1,74.47502532695148
MYCBPAP,76.60316434530654
EPN3,77.59613090204559
SPATA20,69.12269223609931
CACNA1G,182.16640647766155
ABCC3,81.48633782051093
ANKRD40,154.58982216705448
LUC7L3,139.48471168834072
WFIKKN2,96.30738650573653
TOB1,211.3422196331178
SPAG9,115.0401438737978
NME1,74.19992054879026
NME2,268.95344090984156
MBTD1,98.08038449707578
UTP18,72.76043747538944
CA10,287.91690347659176
TOM1L1,52.15242201334263
COX11,94.50497474557031
STXBP4,86.41214020510941
HLF,164.09042039118123
MMD,158.20870789183272
TMEM100,155.64733737538134
PCTP,140.02138912334
ANKFN1,158.2485738059653
NOG,137.12422188983464
DGKE,122.5388005125258
C17orf67,96.51273556853363
TRIM25,117.64182919551791
COIL,75.2652305571093
SCPEP1,90.36559765932714
AKAP1,111.48272584587315
MSI2,144.3296147210166
MRPS23,96.85853310590889
CUEDC1,202.81927317596086
VEZF1,137.10353178570836
SRSF1,161.04379811076723
DYNLL2,247.29042409166794
EPX,69.41700545072342
MKS1,77.32617168463142
MPO,79.93880457044403
TSPOAP1,97.12994481129968
SUPT4H1,115.83091426103516
RNF43,135.5762927888357
MTMR4,121.00681316911894
SEPT4,217.83951687669347
TEX14,63.79240212954301
RAD51C,74.06615628207533
PPM1E,172.79452472174265
TRIM37,94.74598386027154
SKA2,56.61924946253731
PRR11,41.17702577105425
SMG8,123.66174562961046
GDPD1,79.39343201531435
YPEL2,166.33287114332137
DHX40,84.64559873421751
CLTC,115.89874402389933
VMP1,111.47322122067766
PTRH2,79.3879787137555
TUBD1,41.39891830800153
RPS6KB1,81.03831554281973
RNFT1,120.25114133117887
HEATR6,104.78856798555287
CA4,144.451724846332
C17orf64,49.65955676735814
USP32,160.71787417979067
APPBP2,110.68152627656866
PPM1D,90.83173266550924
BCAS3,183.7557763461761
TBX2,198.45597927947452
NACA2,51.089256064218375
BRIP1,81.59927129487386
INTS2,92.5252474604859
MED13,166.76827191255504
METTL2A,77.15864208135008
TLK2,64.90245978758898
MRC2,127.25983272012684
MARCH10,118.10014618057588
TANC2,197.02220100541365
CYB561,101.45144143878716
ACE,107.20304941555327
KCNH6,71.97790574733955
DCAF7,171.74969385075903
TACO1,131.84957598123262
MAP3K3,145.53224208973006
LIMD2,158.58247817123652
STRADA,134.53443950530306
DDX42,122.43394239789359
CCDC47,139.11971003894215
PSMC5,138.80443245727318
FTSJ3,75.36959580880426
SMARCD2,120.92405444424858
GH1,84.72777373868786
CD79B,100.89494854726345
SCN4A,90.93836527899506
PRR29,154.4338949054728
ICAM2,175.95721903997637
ERN1,84.49344487997206
TEX2,181.22442968660266
PECAM1,190.57177677584122
MILR1,92.85958874010944
POLG2,98.75837269976716
CEP95,186.394749011557
DDX5,144.2127388113228
SMURF2,91.30340411019279
LRRC37A3,85.61706689281095
GNA13,170.41798018841652
RGS9,104.3219587444548
AXIN2,155.0412381231576
CEP112,88.07032739161252
PRKCA,115.4070201679124
CACNG5,94.57603910601892
CACNG4,280.397995982624
CACNG1,82.91300175150053
HELZ,106.82648684340626
PSMD12,79.25019315997321
PITPNC1,155.39281137110555
NOL11,103.1599351115479
BPTF,128.01119581735787
C17orf58,118.73321301483074
KPNA2,120.51807163298284
AMZ2,110.63701796698456
ARSG,79.05762999715176
SLC16A6,144.85849175836336
WIPI1,124.52569847508425
PRKAR1A,203.77472341028897
FAM20A,55.754555650726985
ABCA8,59.35120307299175
ABCA9,180.5307160891708
ABCA6,67.58453653316778
ABCA10,84.76474794167206
ABCA5,107.61345880334383
MAP2K6,73.73252005155729
KCNJ16,161.437724146496
KCNJ2,173.82506779455292
SOX9,218.2959644177587
SLC39A11,172.37549558485694
SSTR2,124.01508889883328
COG1,85.13754369162129
FAM104A,59.78593552510577
C17orf80,71.53301291561439
CPSF4L,68.25859068638238
CDC42EP4,139.5624415179515
SDK2,76.27752600823672
RPL38,251.92055888671302
TTYH2,183.43461296668676
DNAI2,105.48692862402243
KIF19,185.29264691466085
BTBD17,118.96444861180333
GPRC5C,140.147864704937
CD300A,108.16611673577717
CD300C,44.277580056397625
CD300E,85.71332972742738
RAB37,86.27823067724972
CD300LF,90.45808862256118
SLC9A3R1,110.74126871250846
NAT9,130.7315073763234
TMEM104,129.11961745029015
GRIN2C,123.63667843825453
FDXR,103.43159885680785
FADS6,71.8878144378836
USH1G,70.78021827576131
HID1,192.90101490609345
CDR2L,137.03963209682547
MRPL58,125.30584862843182
KCTD2,100.73671229971194
ATP5H,184.30765279153718
SLC16A5,102.27156273502465
ARMC7,101.1760896390463
NT5C,89.99961277155745
HN1,149.28059863404235
SUMO2,126.77160283461487
NUP85,55.02300889743475
GGA3,61.504749225925764
MRPS7,119.70920950798023
MIF4GD,91.91111352212195
SLC25A19,64.9430948597068
GRB2,123.92573928329227
TMEM94,87.03639600124751
CASKIN2,138.43239485068796
TSEN54,130.9959497464781
LLGL2,175.8975146470384
MYO15B,97.94992092242435
SMIM5,136.91869666623074
SMIM6,92.98638313223944
RECQL5,98.10329712470391
SAP30BP,127.27434126038955
ITGB4,161.67171785806252
GALK1,99.82353435252386
UNK,88.36030595760155
H3F3B,161.07087460956328
UNC13D,225.10462450777715
WBP2,191.00515308518544
TRIM47,97.17940177317195
TRIM65,109.85990173559722
MRPL38,113.19577936730818
FBF1,103.22303557738562
ACOX1,103.47747847820699
TEN1,91.70221293359344
CDK3,117.96698061727884
EVPL,92.72816432740413
SRP68,177.7306324621925
GALR2,77.73873139102798
ZACN,58.90923094357663
EXOC7,122.62591254562557
FOXJ1,218.2992467758241
RNF157,127.33721750257163
UBALD2,110.59967906121582
QRICH2,118.2209183388843
SPHK1,83.75199485038411
PRPSAP1,83.57431616200063
UBE2O,76.51386331964943
AANAT,93.02524133754596
RHBDF2,106.13149284114408
PRCD,145.2807168572046
CYGB,112.22938450331495
RP11-666A8.13,66.43479194562977
ST6GALNAC2,60.55462852205278
ST6GALNAC1,173.15084580802025
MXRA7,45.52230038841512
JMJD6,150.75834341009468
METTL23,73.26019634174668
SRSF2,99.32622489028844
MFSD11,157.56815216940527
MGAT5B,146.2836499404005
SEC14L1,142.00776920023185
SEPT9,155.48960880332638
TNRC6C,132.1253044184185
TMC8,100.65980940328637
TMC6,81.09223960771098
SYNGR2,111.39924495838218
TK1,74.64623745040416
AFMID,94.43826737158042
BIRC5,101.77634194542739
TMEM235,105.31988706526943
SOCS3,135.50870917275455
PGS1,65.85048979489571
DNAH17,192.31215444512696
CYTH1,150.4546898729584
USP36,76.95781677513415
CEP295NL,96.46803591325511
TIMP2,226.89444655270773
LGALS3BP,165.409385664322
CANT1,104.88243380986302
C1QTNF1,93.7472911312957
ENGASE,79.7991627367594
RBFOX3,152.53364705966484
CBX2,92.07464288030096
CBX8,76.799854771915
CBX4,136.99987153095236
TBC1D16,203.3016606287963
CCDC40,48.904414252464164
GAA,93.85016171732298
EIF4A3,145.131864765412
CARD14,77.03930308826449
SLC26A11,155.9011298899069
SGSH,79.52793750559354
RNF213,119.6587327738728
ENDOV,99.2658787332769
NPTX1,121.83266909508086
RPTOR,111.77431707841609
CHMP6,82.43544417898494
BAIAP2,122.974943385346
AATK-AS1,88.1592642178945
AATK,153.2718937085389
CEP131,93.99311488112014
TEPSIN,126.01634437924679
NDUFAF8,105.3248057980469
SLC38A10,92.60082971186898
BAHCC1,147.09268827887522
ACTG1,129.7736032901267
FSCN2,44.61463658996652
FAAP100,174.2636953987271
NPLOC4,106.9427589126
TSPAN10,60.707865500587246
PDE6G,63.63527043138919
OXLD1,106.78952236740591
CCDC137,100.87986815242749
HGS,169.47499633031134
ARL16,101.39657012346333
MRPL12,145.58938959075596
SLC25A10,162.73825410206166
MCRIP1,161.45927274689228
PPP1R27,78.53344400870918
P4HB,137.18428090248423
ARHGDIA,214.69457649221295
ANAPC11,189.64275725758648
ALYREF,86.00990665845373
PCYT2,126.93210836808561
SIRT7,110.31523254045487
MAFG,240.64025163129406
PYCR1,106.27137777719437
MYADML2,98.07033508184713
NOTUM,116.47206454413106
ASPSCR1,158.44868022456396
CENPX,102.40339710544447
LRRC45,108.89663082918457
RAC3,66.50957285606233
DCXR,71.79892766124979
GPS1,145.9591612705056
RFNG,95.37471971835961
DUS1L,218.05984403406995
FASN,203.23181683006436
CCDC57,154.0403961160361
SLC16A3,159.05893612504178
CSNK1D,137.28303989924666
CD7,111.08294676124589
SECTM1,94.8656993284969
UTS2R,62.34571490677064
OGFOD3,86.92829911911707
HEXDC,100.20191102880159
C17orf62,80.23216528127762
NARF,72.20796947430156
FOXK2,68.56782594001686
WDR45B,140.47907408309032
RAB40B,170.79609917309014
FN3KRP,79.9161184834891
FN3K,213.99752469172535
TBCD,105.83083321267793
ZNF750,119.05968615032938
B3GNTL1,41.82576899655035
METRNL,136.89250115083172
USP14,167.82974468517287
THOC1,158.41779399729
COLEC12,281.7432064699459
CLUL1,52.327549457341945
TYMS,81.98353453840036
ENOSF1,68.77010475259749
YES1,124.14224287323333
ADCYAP1,262.11155341973875
METTL4,91.54090962514005
SMCHD1,113.64850844763254
EMILIN2,47.40257371823333
LPIN2,107.70385074656
MYOM1,125.58317422768113
MYL12A,183.0872404320694
MYL12B,145.20232195838875
TGIF1,240.4633854225837
DLGAP1,156.7313339932827
AKAIN1,68.95295149860038
ZBTB14,123.9367587503842
EPB41L3,144.37715438382068
TMEM200C,116.14477034943909
L3MBTL4,93.18324013327026
ARHGAP28,73.84094940822331
LAMA1,124.57388394915296
PTPRM,102.40965370528119
RAB12,85.41110575811945
MTCL1,96.32942028867032
NDUFV2,243.1352611682525
ANKRD12,84.9891360935606
TWSG1,145.80789053889316
RALBP1,151.98776379700814
PPP4R1,142.28573784642953
RAB31,152.6125445327998
VAPA,124.9525722408853
APCDD1,125.90895422678753
NAPG,100.42645301434203
PIEZO2,73.19972791339322
GNAL,271.9298047178788
CHMP1B,181.4581861625539
MPPE1,81.40423165956761
IMPA2,139.9034758047287
CIDEA,128.47479926289162
TUBB6,120.56100161118579
AFG3L2,142.25811869485744
PRELID3A,77.6577744725567
SPIRE1,104.79251932762239
PSMG2,132.23845897023898
CEP76,105.74819494098844
PTPN2,83.81244862917387
SEH1L,124.99313880518588
CEP192,82.38441521546832
LDLRAD4,121.14757535140873
FAM210A,90.81985544648771
RNMT,106.68532826845143
ZNF519,98.68797024587207
ANKRD30B,75.15771631412792
ROCK1,113.86123905651218
GREB1L,73.8030371722077
ESCO1,64.17171771049593
SNRPD1,96.80820863814051
ABHD3,136.68762530582006
MIB1,169.08486092331907
RBBP8,113.95001902710217
CABLES1,173.6840552407798
TMEM241,65.72575382927295
RIOK3,109.2737419382072
C18orf8,86.23563638975617
NPC1,98.6584719382254
ANKRD29,100.02999672383308
LAMA3,124.12273690543157
TTC39C,119.22953840327702
CABYR,68.75479747528112
OSBPL1A,121.59698828297229
IMPACT,134.83459119090864
ZNF521,91.85928028335184
SS18,100.12232973786755
TAF4B,70.45222455696035
KCTD1,142.5412307661694
AQP4,182.93577840372376
CHST9,128.1214624416764
CDH2,133.1850918214141
DSC2,67.11073530857527
DSC1,81.83539548883161
DSG1,115.61200693571072
DSG2,37.36360512653232
TTR,97.07860444152655
B4GALT6,133.88221420770327
TRAPPC8,67.10349316199026
RNF125,128.9344068883775
RNF138,124.7008541594495
GAREM1,177.98572321714045
KLHL14,50.25023255371596
CCDC178,98.76176135574178
ASXL3,84.71024167746671
NOL4,128.89827855011072
DTNA,157.85098633405528
MAPRE2,155.74522178380414
ZNF397,124.79316197660688
ZSCAN30,124.36780438618695
ZNF24,106.85177351863487
ZNF396,81.33638323313255
INO80C,51.560943250336635
GALNT1,109.12176870911026
C18orf21,75.87101856249993
RPRD1A,74.44527033637456
SLC39A6,139.43007577367194
ELP2,107.91556483695422
MOCOS,46.98811624403211
FHOD3,98.0069065930391
TPGS2,106.0138619846185
KIAA1328,71.65677538730088
CELF4,126.22479205335941
PIK3C3,91.52620739129995
RIT2,104.65125634326034
SYT4,127.97271054579357
SETBP1,120.85655307715007
SLC14A2,75.95471306093685
SLC14A1,165.43510920787003
EPG5,84.59310763278313
PSTPIP2,116.45150109397355
ATP5A1,137.63422673852014
HAUS1,49.548488138295795
C18orf25,82.37942521916509
RNF165,95.43040596730393
LOXHD1,92.96078409286409
ST8SIA5,125.8827149189789
KATNAL2,88.05273490658877
PIAS2,107.32372672999753
HDHD2,84.9032796452874
IER3IP1,85.92536487151091
SMAD2,68.88914421254074
ZBTB7C,116.79256469940816
CTIF,145.41099784421436
SMAD7,189.412652399232
DYM,78.00892895906321
C18orf32,99.37659337632255
RPL17,204.61086815209705
LIPG,94.06824278540941
ACAA2,117.53474207869817
MYO5B,133.90892303349625
CFAP53,67.76661899969699
MBD1,94.21766517867172
CXXC1,83.32635128195116
SKA1,68.54225628044168
MAPK4,283.3039656670274
MRO,132.48540833479365
ME2,115.69486815527833
ELAC1,74.00075414707442
SMAD4,120.82815905305367
MEX3C,126.23653619322818
DCC,109.11656291970414
MBD2,139.50588463982297
POLI,68.26890847583488
STARD6,52.06349475319766
C18orf54,79.29440598429503
RAB27B,117.22904113224371
CCDC68,147.57881137921163
TCF4,166.67932940201024
TXNL1,98.41053451120413
WDR7,115.48632816455262
ST8SIA3,187.1636843908877
ONECUT2,172.70556363794213
FECH,107.20670721483773
NARS,165.8204434485249
ATP8B1,86.19248992396962
NEDD4L,154.74771644522696
MALT1,99.93081450545708
ZNF532,84.41456401025692
SEC11C,180.87714957267326
GRP,86.55636614445794
LMAN1,136.92199445347921
CCBE1,42.40046527467911
PMAIP1,103.27172553732689
MC4R,257.1887171344384
CDH20,100.8077562745795
RNF152,196.72993731095647
PIGN,93.01476767591859
KIAA1468,128.97716888568175
TNFRSF11A,84.66564190035052
ZCCHC2,81.54384714434755
PHLPP1,157.38455668532606
BCL2,202.7902953260638
KDSR,105.60373803737448
VPS4B,199.59182802286966
HMSD,62.04217000232231
SERPINB8,59.34144106184522
CDH7,147.95720875450783
CDH19,199.44181934835186
DSEL,109.95305321758437
TMX3,130.56922701524692
CCDC102B,62.54797363921864
DOK6,187.62743640532915
CD226,105.55579195967306
RTTN,188.29887148575352
SOCS6,130.70188578517812
CBLN2,96.54024769501615
NETO1,162.6487255582187
FBXO15,107.07761786457067
TIMM21,89.23173720488154
CYB5A,93.74952617371616
FAM69C,133.10726213753833
CNDP2,87.93398516797214
CNDP1,125.59390516878966
ZNF407,92.80136092943101
ZADH2,130.36007469537867
TSHZ1,219.841083462955
ZNF516,159.85003413942115
ZNF236,109.78419844650313
MBP,240.91663374728847
GALR1,115.07047702819398
SALL3,172.71370963303386
ATP9B,88.57589745004051
NFATC1,122.23668081632167
CTDP1,88.1203259745993
KCNG2,86.86242755698473
PQLC1,166.391528963758
HSBP1L1,97.90200317859444
TXNL4A,132.146625653914
RBFA,48.90554940843754
RP11-795F19.5,37.53020816573215
ADNP2,120.00931169326651
PARD6G,85.46368756431713
PLPP2,107.66440795958528
MIER2,113.16897857817594
C2CD4C,113.56690378804899
SHC2,88.14757694761295
ODF3L2,72.49563713435961
MADCAM1,125.96716867906409
TPGS1,230.3441744653609
CDC34,94.09742811796656
GZMM,91.32950255109526
BSG,173.85936663792694
HCN2,182.62522364917777
POLRMT,159.02471254395778
FGF22,94.88049652903584
RNF126,151.91139780761358
FSTL3,169.62258761047752
PALM,184.43734124471558
MISP,86.53257755182088
PTBP1,150.18015531702468
PLPPR3,210.3420691224024
AZU1,72.55612149137377
PRTN3,105.23203935811253
ELANE,94.68309719693167
CFD,98.89202007489493
MED16,84.01100171980363
R3HDM4,131.4537018918266
KISS1R,71.86645793213677
ARID3A,87.7772748216141
WDR18,76.80989453940009
GRIN3B,74.6493200094038
TMEM259,153.50448623700277
CNN2,94.97931661436647
ABCA7,159.37356140687598
ARHGAP45,108.43776086292743
POLR2E,74.3121925664029
GPX4,115.42787015080745
SBNO2,154.98230517136466
STK11,290.07476380302126
CBARP,265.2165287803592
ATP5D,150.52240155219127
MIDN,129.56312929037142
CIRBP,176.38286901379053
C19orf24,125.74014538824943
EFNA2,115.5038453582739
MUM1,105.80388531966045
NDUFS7,141.08674835149415
GAMT,90.9141351868669
DAZAP1,114.6470431291524
RPS15,279.0411342140905
APC2,86.43570682993567
C19orf25,159.31447078811306
PCSK4,112.68583374381808
REEP6,186.38360145412133
ADAMTSL5,145.84702260711788
PLK5,86.59300618014686
MEX3D,221.64873249438347
MBD3,181.34023203956264
UQCR11,245.2310837876177
TCF3,141.06921783514787
ATP8B3,77.83158657543063
REXO1,200.86009875792524
KLF16,257.0509455386801
ABHD17A,276.63470791311113
SCAMP4,99.90346823060969
ADAT3,142.15368341338362
CSNK1G2,189.8475647657362
BTBD2,155.43570715969037
MKNK2,123.7894796427768
MOB3A,92.30984851930353
IZUMO4,102.51475794213465
DOT1L,88.61424287664045
AP3D1,167.31841570248395
PLEKHJ1,172.20497034572546
SF3A2,179.28056669748668
AMH,132.74670648201774
JSRP1,70.07080470444788
OAZ1,151.63263511364855
C19orf35,59.46121558022716
LINGO3,218.49387695994193
LSM7,115.73837622909261
SPPL2B,113.36968826555432
TMPRSS9,52.279092926867406
TIMM13,87.01180563597086
LMNB2,174.73137406597732
GADD45B,204.8496044825165
GNG7,136.27875210321452
DIRAS1,169.72494056718412
SLC39A3,237.60679845726094
SGTA,170.10743206833973
THOP1,137.33506566497002
ZNF554,78.70382912053088
ZNF555,126.83759799002817
ZNF556,62.40693562728194
ZNF57,86.49301992573797
ZNF77,96.11703725573659
TLE6,92.31820050887433
TLE2,197.4311915734702
AES,196.39483711706066
GNA11,113.1060902408035
GNA15,151.09944006545823
S1PR4,54.90387946480661
NCLN,121.56678569738133
CELF5,178.7498425411706
NFIC,174.9465610563732
SMIM24,71.73318292903792
DOHH,151.78123416554084
FZR1,100.79428018823938
C19orf71,76.72963272480894
HMG20B,207.99624445809968
MFSD12,99.44030111916956
GIPC3,84.75581650642778
TBXA2R,106.16544401423806
CACTIN,87.99691528959443
PIP5K1C,138.66492505787772
TJP3,82.46437753766412
APBA3,94.57041694765056
MRPL54,168.34599733432634
RAX2,47.58960774469614
MATK,202.35740842702006
ZFR2,61.19948056512149
ATCAY,223.50524136639297
NMRK2,109.58945477767054
DAPK3,145.86779227202197
EEF2,224.58344773226767
PIAS4,143.92903593169842
ZBTB7A,202.101777368314
MAP2K2,77.22404872565662
CREB3L3,74.34374424002175
SIRT6,107.59680031927766
ANKRD24,197.23669046221443
EBI3,71.28054055773993
CCDC94,109.17426470431391
SHD,97.15976352234324
TMIGD2,98.2871323283753
FSD1,120.5634217740226
STAP2,81.13360495332341
MPND,90.2963149400911
SH3GL1,111.05421701350969
CHAF1A,86.40250571079667
UBXN6,96.81283013050714
CTB-50L17.10,148.15428883466058
PLIN4,169.80601092431644
PLIN5,159.53419506003334
LRG1,116.29543723454654
SEMA6B,208.9619379754752
TNFAIP8L1,111.1093798434145
MYDGF,141.7944324383805
DPP9,166.809304589855
FEM1A,82.38513547442733
TICAM1,135.09191403076153
PLIN3,104.46735013488956
ARRDC5,63.13633428789319
UHRF1,136.1220139881197
KDM4B,220.52262894671014
PTPRS,170.05608163816737
TINCR,269.0786617796559
SAFB,272.52311497542183
SAFB2,196.22953463543251
RPL36,224.49860477405343
C19orf70,239.5129578787986
HSD11B1L,187.1578324240554
LONP1,114.01084230589163
CATSPERD,93.32171510863691
PRR22,95.45732610461368
DUS3L,77.17724963750373
NRTN,63.14706686377909
FUT3,54.75448872592247
NDUFA11,201.88887656468364
VMAC,105.22534795036054
CAPS,172.51265052744364
RANBP3,140.22754434996438
ACSBG2,83.20382421116267
RFX2,154.0322368391184
MLLT1,186.75155519805605
CLPP,99.25581818715071
ALKBH7,177.16303399473315
PSPN,80.56098768714318
GTF2F1,104.7970418054611
KHSRP,190.16513370187124
SLC25A41,62.55127657139735
CRB3,52.078000075183866
SLC25A23,121.27355106693494
DENND1C,100.48217080878214
TUBB4A,186.76157606252963
TNFSF9,168.5113111439133
TNFSF14,140.5148360064479
C3,168.83159629466064
GPR108,70.19633089476528
TRIP10,100.8935648134007
SH2D3A,60.74137995963102
VAV1,93.17936382496586
ADGRE1,82.9120153522774
ZNF557,91.39510717535572
INSR,82.63615997550261
CTB-133G6.1,42.96765505802193
ARHGEF18,114.89331363304638
C19orf45,61.53785245522744
PEX11G,67.07380160079606
ZNF358,192.55236571117206
MCOLN1,90.97936396155649
PNPLA6,118.88529727565276
CAMSAP3,142.29930669329121
XAB2,142.72713458539278
PET100,170.17626772045844
PCP2,72.55711749665608
STXBP2,96.91479116421394
RETN,68.72499871854049
MCEMP1,119.51833489791315
TRAPPC5,231.10681732139068
FCER2,62.61826594937645
CLEC4G,69.20687594168442
CD209,67.67283056775454
EVI5L,117.90065894952315
PRR36,168.85717577726825
MAP2K7,163.10286926186004
TGFBR3L,202.9998796663353
SNAPC2,107.2184614124026
CTXN1,224.25447199815966
TIMM44,116.00110781242739
ELAVL1,99.7335202346737
CCL25,61.420901898157126
FBN3,86.94827192774488
CERS4,126.5526560520562
CD320,148.9708571819721
NDUFA7,239.24554508146673
RPS28,97.796564710367
KANK3,167.5389298034264
ANGPTL4,177.15515949567853
RAB11B,251.45657318064553
MARCH2,56.33047493712897
HNRNPM,225.8367037706845
PRAM1,44.715800974690154
ZNF414,180.41264485536212
MYO1F,152.67582720317904
ADAMTS10,136.34113605584847
ZNF558,120.30728231055645
ZNF317,62.94518530422374
OR7D2,54.06240367249214
ZNF699,51.86326857327609
ZNF559,56.08422599941272
ZNF177,72.50456332087296
ZNF559-ZNF177,51.594873457215186
ZNF266,34.95487137953708
ZNF426,76.535778488142
ZNF121,94.56668056830961
ZNF561,71.351573822999
ZNF562,123.20663521653722
ZNF846,124.56891280475605
FBXL12,77.01681876011921
UBL5,193.17670500534592
PIN1,274.6792755964629
OLFM2,116.67552267968202
COL5A3,80.5393495280384
C19orf66,110.47480171893847
ANGPTL6,55.259309206323536
PPAN,82.67664345572749
P2RY11,79.54128436893055
EIF3G,146.22652579630602
DNMT1,224.68377510521373
S1PR2,128.07121610267924
MRPL4,101.103195384548
ICAM1,118.789728510488
ICAM5,207.8734111513116
ZGLP1,61.90071101195326
FDX2,185.75644145941055
RAVER1,226.66993061994674
ICAM3,108.4638757246442
TYK2,120.17402020097481
PDE4A,141.0371204412349
CDC37,154.93440177521887
KEAP1,149.83974829395385
S1PR5,137.769190340646
ATG4D,104.75116938423119
KRI1,57.91036610761856
CDKN2D,134.91307801800968
AP1M2,90.85478097133063
SLC44A2,144.34635397796893
ILF3,96.64511217151033
QTRT1,163.8702994392004
DNM2,166.58176795355018
TMED1,94.28264211677595
C19orf38,69.64925117101137
CARM1,124.10226089053518
YIPF2,105.7126196319426
TIMM29,111.48679526078658
SMARCA4,163.89047818527544
LDLR,141.9209227265133
SPC24,78.53552370417952
KANK2,146.82488242950825
ANGPTL8,70.65296370407216
DOCK6,209.4174555134931
TSPAN16,75.22431478694824
RAB3D,103.2040096061983
CCDC159,186.5692767844772
TMEM205,202.64926156687193
PLPPR2,165.05094892762583
SWSAP1,57.62680776190308
EPOR,112.25601673545754
RGL3,94.13897698848328
PRKCSH,156.80738083524218
CCDC151,125.98542113105168
ELAVL3,126.47669447472484
ZNF653,121.7958432330544
ECSIT,142.4062926154671
CNN1,138.2546771258113
ELOF1,120.66098949240717
ZNF627,84.74294884529243
ACP5,64.94129385230454
ZNF823,113.94128116912103
ZNF441,141.61359783450473
ZNF491,118.65284219742702
ZNF440,130.2194894056046
ZNF439,82.45161800585117
ZNF69,60.70951882684122
ZNF700,81.85386440563087
ZNF763,95.15496577479331
ZNF433,80.42595194802485
ZNF878,65.83645572781779
ZNF844,105.07270859057627
ZNF788,52.41091823924663
ZNF20,59.24927752146934
ZNF625,73.90458984550727
ZNF136,103.25894945461303
ZNF44,89.78823425824584
ZNF563,91.459356802739
ZNF442,78.26603964095733
ZNF799,59.94027495437888
ZNF443,67.26632344950858
ZNF709,83.5759324554189
ZNF564,69.80291501533432
ZNF791,76.20554313743577
ZNF490,74.31890004446001
MAN2B1,96.01433670661692
WDR83,108.07952282317441
WDR83OS,124.73769386485992
DHPS,147.49631189697857
FBXW9,111.37017460092954
TNPO2,187.27568175606126
C19orf43,231.63239257788575
ASNA1,149.71744067297305
JUNB,267.33044842017176
PRDX2,155.21133429338013
RNASEH2A,77.94287999142779
MAST1,166.10023219574637
RTBDN,78.48627124109927
HOOK2,111.0311759125731
DNASE2,148.81943556587055
KLF1,90.77567157736911
GCDH,110.06456674839859
SYCE2,63.27100176108772
FARSA,144.94183759119767
CALR,199.295318339779
RAD23A,162.98501340486493
GADD45GIP1,156.89841187844084
DAND5,73.40131150649813
NFIX,173.6205423976404
LYL1,80.20469265225373
TRMT1,162.4134320524925
NACC1,113.25643614121407
STX10,78.2410881344334
IER2,111.40769287550953
CACNA1A,161.78667436929896
CCDC130,112.13269983773793
MRI1,99.76479011774714
C19orf53,121.64380635663258
ZSWIM4,157.39664996982708
NANOS3,73.18280466169998
C19orf57,100.72307921418798
CC2D1A,124.8189141306394
DCAF15,94.89198054543232
PODNL1,142.76635433060414
RFX1,144.37291895371135
IL27RA,89.81018250994933
PALM3,71.29949304575581
MISP3,100.37108101144585
C19orf67,70.37688337273687
SAMD1,106.70538930594518
PRKACA,194.1363573597922
ASF1B,85.61720633382063
ADGRL1,159.6454807472005
ADGRE5,129.63993712221065
DDX39A,87.20975037333156
PKN1,163.9461964852161
PTGER1,127.54210280910428
GIPC1,99.8284425142026
DNAJB1,138.77764461529287
TECR,109.40634100511022
NDUFB7,219.24775790014144
CLEC17A,72.38566851824874
ZNF333,72.08086698427954
ADGRE2,73.1369873316471
OR7C1,72.53850891092543
OR7A5,80.47453908385461
SLC1A6,103.32812642104679
CASP14,96.55667508960633
SYDE1,117.14900935926175
ILVBL,132.8958276985902
NOTCH3,195.36264887374332
EPHX3,91.22456903439792
BRD4,127.8855937590819
AKAP8,86.68347768393363
AKAP8L,270.74858069405695
WIZ,213.13683296668484
RASAL3,122.57603177643043
CYP4F3,99.14799585811923
CYP4F12,121.23448065537121
CYP4F11,121.09031232678424
TPM4,97.17383633409327
RAB8A,86.36383874458573
HSH2D,119.08366731347479
FAM32A,116.68872993284418
AP1M1,86.16798639068958
KLF2,156.15515310131997
EPS15L1,124.41619275792334
C19orf44,51.97468462665503
CHERP,128.40224777460116
SLC35E1,100.93092213945621
MED26,78.50142576166158
SMIM7,98.29868088347891
TMEM38A,166.70181449983835
NWD1,132.720409733612
SIN3B,130.99486515493507
F2RL3,85.32681446288458
CPAMD8,98.5455687981509
HAUS8,63.638477577149075
MYO9B,178.05719179589522
USE1,147.08720189370746
OCEL1,63.59997336398382
NR2F6,149.70210492020158
BABAM1,130.71814233122006
ANKLE1,85.81480349576168
USHBP1,252.85525122693684
MRPL34,95.85166450659949
DDA1,162.42132336419846
ABHD8,144.0473323711105
ANO8,176.9222178759427
GTPBP3,102.63263235929875
PLVAP,91.68145156993401
CTD-2521M24.13,96.41352651259399
BST2,187.724098863977
MVB12A,87.74253142161521
TMEM221,105.447776523085
NXNL1,119.06951285852898
SLC27A1,84.92740793044351
PGLS,171.22723588266047
FAM129C,77.62111217603228
COLGALT1,85.08758532362185
UNC13A,299.66183409688165
MAP1S,135.23791954631088
FCHO1,102.20441720823922
INSL3,55.86364129892877
JAK3,156.75013262054475
RPL18A,243.43582872863504
CCDC124,121.28792107910465
KCNN1,164.39883623470016
ARRDC2,134.70690512724408
MAST3,162.31293757227107
IL12RB1,83.07824445632386
PIK3R2,164.69049089668815
IFI30,140.32988389677902
MPV17L2,86.61114759081539
RAB3A,214.35520385948388
PDE4C,178.46318425237783
KIAA1683,59.46397496458678
JUND,221.71731777041444
LSM4,199.84893320613327
PGPEP1,125.25126239218673
GDF15,131.16845744782194
LRRC25,79.06609597322861
SSBP4,173.48569250521342
ISYNA1,144.80057744453438
ELL,68.569464248955
FKBP8,208.0153458820877
KXD1,191.46354502927562
UBA52,149.12385006556195
C19orf60,272.4124519851911
CRLF1,112.44590555039434
TMEM59L,165.90241493587774
KLHL26,118.5324805629578
CRTC1,163.49057309606994
COMP,143.63013702912016
UPF1,180.60404889857858
CERS1,79.56317963480973
COPE,158.9403431196838
DDX49,59.48758686856581
HOMER3,101.03328928919606
ARMC6,175.9439972378363
SUGP2,167.53408163009988
SLC25A42,138.52764715653004
TMEM161A,100.45422553357957
MEF2B,77.5657528838986
BORCS8,138.37426663471956
RFXANK,70.93232706274406
NR2C2AP,68.76547549229545
NCAN,122.62853449610759
HAPLN4,110.86903732530499
TM6SF2,77.57586391819362
SUGP1,96.08197738527937
MAU2,143.09299768087612
GATAD2A,116.88509047779777
TSSK6,72.91211143650233
NDUFA13,293.7347566375802
YJEFN3,119.07494381239232
CILP2,64.80044930593496
PBX4,103.6051753373313
LPAR2,106.47992294777234
GMIP,133.7646976486012
ATP13A1,116.73857511873015
ZNF101,87.41708255847905
ZNF14,125.42046466104222
ZNF506,96.64261998914367
ZNF253,94.22806317894455
ZNF93,101.7920022774023
ZNF682,64.58256129729023
ZNF90,63.44243101201596
ZNF486,75.49577376744693
ZNF737,56.84021890183425
ZNF626,71.81646392390547
ZNF66,70.0174130939709
ZNF85,58.08633276105792
ZNF430,103.66589070965347
ZNF714,79.75312881339232
ZNF431,74.16713500437942
ZNF708,129.75090210388385
ZNF738,94.49646880658847
ZNF493,161.19986115406778
ZNF429,114.64142714294846
ZNF100,57.556376115631736
ZNF43,92.43381601409652
ZNF208,63.60344839012083
ZNF257,40.18873439360317
ZNF676,76.53130604039299
ZNF98,54.78502262958369
ZNF492,52.22129804782918
ZNF728,80.4331051500026
ZNF730,86.1398942305097
ZNF724,42.6356779743611
ZNF91,94.12402652569804
ZNF675,94.41982358827002
ZNF681,54.99667119223665
ZNF726,52.49339201941865
ZNF254,150.8389448856368
UQCRFS1,256.4745810116269
VSTM2B,182.4192521188137
POP4,78.99731512080035
PLEKHF1,142.03489482463425
C19orf12,119.46627427423823
CCNE1,103.45332702885298
URI1,101.4039766598936
ZNF536,140.49984901678886
TSHZ3,131.66614719452178
ZNF507,94.51205986683982
DPY19L3,153.7687885390467
PDCD5,52.2422345738525
ANKRD27,87.05231509350108
RGS9BP,65.30656195707334
NUDT19,68.265516156015
TDRD12,83.3174824306308
SLC7A9,64.32757014662968
CEP89,111.75236781605508
FAAP24,74.84470353010741
RHPN2,120.43970182333277
GPATCH1,62.21401488834621
WDR88,92.74726082646578
LRP3,263.7252038249824
SLC7A10,122.84234853684367
CEBPA,76.02306681048637
CEBPG,98.39420176688859
PEPD,62.83580871964426
CHST8,103.87313525275906
KCTD15,119.74977613714543
LSM14A,198.06223774386098
KIAA0355,106.8157134976149
GPI,138.05377084422025
PDCD2L,59.32508227694498
UBA2,154.20140245789702
WTIP,182.21722003315253
SCGB2B2,57.8641538903226
ZNF302,71.40508964328654
ZNF181,59.121850780760894
ZNF599,70.7365455609862
ZNF30,101.30095176105718
ZNF792,73.59638226276994
GRAMD1A,123.76983229294808
SCN1B,179.4392195368469
HPN,87.45865459475553
FXYD3,94.06006286816566
FXYD1,154.38079450223768
LGI4,188.84578253640018
FXYD7,143.90839025062152
FXYD5,132.92870527848243
FAM187B,89.16248876388005
LSR,212.32604173650225
USF2,145.8462763786764
HAMP,134.2374064922619
MAG,206.83616347903734
CD22,212.90688202704507
FFAR1,86.35448113546764
FFAR3,58.09740763230499
FFAR2,120.95955111321729
KRTDAP,103.08521868471752
DMKN,165.08241235592214
SBSN,128.34842852618215
TMEM147,155.21238730584798
HAUS5,107.97489412865849
RBM42,188.8669736729525
ETV2,67.5310909223711
COX6B1,210.43825765382252
UPK1A,76.29186509335901
ZBTB32,53.89825873356102
KMT2B,174.09494597324
IGFLR1,159.7432469030283
U2AF1L4,71.66341759411682
PSENEN,184.44150593858564
LIN37,157.58778263976643
HSPB6,251.66090324285312
PROSER3,79.82795871255567
ARHGAP33,92.46823609598025
PRODH2,88.70751049419633
KIRREL2,66.08244868607619
APLP1,135.7637838803974
NPHS1,51.90260937049919
NFKBID,149.09253334092713
HCST,83.62459766134862
TYROBP,207.03741437556397
LRFN3,130.60854359924787
SDHAF1,99.21682171259573
SYNE4,120.78345313062678
ALKBH6,168.86064465066653
CLIP3,161.6750362419952
THAP8,88.4828457891237
WDR62,123.46737832915954
POLR2I,102.88206979928611
TBCB,124.46387750121963
CAPNS1,201.04102579884398
COX7A1,87.71885151727068
ZNF146,133.48485180209127
ZNF565,83.24212822591633
ZFP14,86.26876651352092
ZFP82,57.00808789875967
ZNF566,101.66131591355665
ZNF260,77.00824932228673
ZNF529,116.99531123985057
ZNF382,122.34326141071134
ZNF461,48.781696820236334
ZNF567,73.79807275202825
ZNF850,93.1371315921163
ZNF345,113.82817534166051
ZNF790,59.64444815818197
ZNF829,68.56484011919812
ZNF568,90.76085886059917
ZNF420,122.2642773543896
ZNF585A,97.45741414290899
ZNF585B,106.21531467605126
ZNF383,128.46543875449092
HKR1,70.91089700974405
ZNF527,77.04032326077075
ZNF570,61.65169640054356
ZNF569,63.310700786149
ZNF793,92.97128499701526
ZNF571,61.381108879284795
ZNF540,157.18886488932174
ZNF781,114.86739466670943
ZFP30,111.79924310905176
ZNF607,107.89820603935425
ZNF573,80.14478916315517
SIPA1L3,76.47241510061232
DPF1,99.8696833258812
SPINT2,113.1690550637521
PPP1R14A,140.41031546005334
C19orf33,71.08467607550506
YIF1B,124.62183095849022
KCNK6,64.22957152823525
CATSPERG,85.7019582640587
PSMD8,144.60388768822403
GGN,52.08003342877194
SPRED3,230.63960444332173
FAM98C,74.70974908818772
RASGRP4,138.0595968749306
RYR1,92.85742978118552
MAP4K1,74.65445761152682
EIF3K,113.13255832924429
ACTN4,151.8676392373507
CAPN12,74.27029990850852
LGALS7B,116.56672825205388
LGALS4,110.32890227895422
ECH1,105.81853279660066
HNRNPL,167.20829712186583
RINL,95.1145144763833
SIRT2,169.6896121127796
NFKBIB,72.2872452978147
CCER2,81.13007375450849
SARS2,177.66067505951497
MRPS12,107.1020495530133
FBXO17,64.82608248695149
FBXO27,127.66111802939753
ACP7,103.2449638958758
PAK4,75.96932936910858
NCCRP1,114.57698943247274
SYCN,107.50967569817078
LRFN1,233.0187663909735
GMFG,111.81325711544176
SAMD4B,186.27361685760607
PAF1,111.42628427824718
MED29,109.98088687304949
ZFP36,182.34250704448593
PLEKHG2,143.79826594721743
RPS16,226.08868324830647
SUPT5H,131.95960948317122
TIMM50,71.68917465754154
DLL3,166.39046703606223
SELENOV,65.34101026365826
EID2B,128.74593715747298
EID2,106.1215222985071
DYRK1B,214.89793040966623
FBL,143.33061597567027
FCGBP,88.94254241426347
PSMC4,104.24171636870474
ZNF546,84.07280270038245
ZNF780B,128.77039832119033
ZNF780A,121.40048222282326
MAP3K10,231.05519185714948
TTC9B,113.8775943275192
CNTD2,87.7995943965719
AKT2,128.59089411350496
C19orf47,96.6093508870963
PLD3,130.49875950404743
HIPK4,115.64509669395815
PRX,191.33786697173372
SERTAD1,133.03999255042916
SERTAD3,94.98924484377915
BLVRB,131.69758411546246
SPTBN4,99.39160037796151
SHKBP1,110.04750771141255
LTBP4,95.90019041279177
NUMBL,137.42133058563905
COQ8B,116.8172237283712
ITPKC,87.94433165264627
SNRPA,127.20064247853284
C19orf54,127.10593853374854
MIA,98.98687194165419
RAB4B,83.62496563122963
EGLN2,186.9180957469042
CYP2A6,57.03948650653825
CYP2A7,39.55050566022746
CYP2S1,76.08806531013249
AXL,112.72255525225182
HNRNPUL1,227.30505987299085
CCDC97,147.11129438803243
TMEM91,114.04874168832498
TGFB1,127.1232080935502
B9D2,62.40705071606544
EXOSC5,120.3806042797348
BCKDHA,235.8813854323751
B3GNT8,54.38290837171613
ATP5SL,79.29768561753258
ERICH4,50.682213080426976
CEACAM21,52.61144042936951
CEACAM4,121.24350182192936
CEACAM6,67.42464692494542
CEACAM3,144.9048309290041
RPS19,254.33761771773038
CD79A,60.36005093813853
ARHGEF1,126.01551457075502
CTD-2575K13.6,98.54964260904325
RABAC1,109.88575728241031
ATP1A3,224.13915297695848
ZNF574,117.39556396867911
GRIK5,198.13990639384542
POU2F2,136.29948027381556
DEDD2,142.2241815778053
ZNF526,78.20481671597133
GSK3A,167.85413933260247
ERF,161.39062200973677
CIC,201.56371071851254
PRR19,88.14642412903197
PAFAH1B3,218.25946601861813
TMEM145,135.0607016269781
MEGF8,198.13944966728366
CNFN,71.6318196666343
LIPE,147.18769856218108
CXCL17,103.47296881141057
CEACAM1,64.10344694835916
CD177,95.8583772994649
TEX101,46.896629197362046
LYPD3,69.83879312023674
PHLDB3,46.98010668221494
ZNF575,161.12197165770436
ETHE1,95.92042123039383
PINLYP,62.27868865522146
XRCC1,107.93132899568471
IRGQ,126.4871173812441
ZNF576,95.19673976788701
SRRM5,60.03725903557151
ZNF428,183.03513863648726
CADM4,126.32234292638589
PLAUR,123.1062341340199
IRGC,76.20580933289085
SMG9,94.50309220456353
KCNN4,74.19409461392624
LYPD5,55.99502390758539
ZNF283,83.83082859473589
ZNF404,73.48316659321455
ZNF45,79.46709832729593
ZNF221,82.15356162519055
ZNF155,72.61925501951455
ZNF230,80.59916684664196
ZNF222,105.31336145532867
ZNF223,63.63596386436427
ZNF284,99.07306330458613
ZNF224,93.12419245150355
ZNF225,117.20768425429682
ZNF234,111.69410504316875
ZNF226,114.60890149905163
ZNF227,153.38436589068715
ZNF233,73.35724256557003
ZNF235,88.95052200569165
ZNF112,130.36516158753426
ZNF285,124.12951847445208
ZNF229,116.8458200776061
ZNF180,72.00369208514257
PVR,77.38311712933825
CEACAM19,72.489765184878
BCL3,218.24536867299997
BCAM,140.84773896990333
NECTIN2,132.21139317003173
TOMM40,204.18964974044871
APOE,139.45575219846287
APOC1,139.17766907183636
APOC4,67.75119814489307
APOC2,60.124253467893254
CLPTM1,127.69947775505591
RELB,112.25921979527504
CLASRP,139.45233012943527
ZNF296,104.14378074374102
GEMIN7,60.036616580143914
PPP1R37,64.3329726142322
NKPD1,30.28358425891335
TRAPPC6A,138.5365233743263
BLOC1S3,114.99568860067438
EXOC3L2,84.2300118115395
MARK4,226.3473798704278
CKM,154.13448725976667
KLC3,106.03312256290849
ERCC2,110.75808045651169
PPP1R13L,97.56501531975906
CD3EAP,67.4611368992251
FOSB,104.36233130266027
ERCC1,129.7162196112071
PPM1N,49.87606685717017
RTN2,204.6741191652556
VASP,165.6844580407694
GPR4,110.9358169730873
OPA3,132.50571164001707
EML2,106.7807554424893
GIPR,119.51496401242659
SNRPD2,315.7703907507141
QPCTL,88.24760331551283
FBXO46,94.29507480672797
SIX5,142.61237404657825
DMPK,102.51569198899563
DMWD,159.42540245508604
SYMPK,174.94420163018245
IRF2BP1,206.20591179101825
MYPOP,121.25413562186046
NANOS2,63.19449680593249
NOVA2,198.90607390566748
CCDC61,95.63665270795494
PGLYRP1,85.19166534797733
IGFL4,76.83646640131022
IGFL2,67.69002757244104
HIF3A,127.89310888321336
PPP5C,111.50636507209083
CCDC8,123.23957315583687
LLNLF-187D8.1,80.28361585191146
PNMAL1,109.41705051301017
PNMAL2,81.01699320201146
PPP5D1,63.51614684940179
CALM3,162.63460347472767
PTGIR,81.50849646278854
GNG8,77.61675926460958
DACT3,259.41050554042766
PRKD2,67.16310991030471
FKRP,76.86295313505707
STRN4,67.81420685252229
SLC1A5,117.60845022201653
AP2S1,178.61430553443157
ARHGAP35,129.24683159869312
NPAS1,92.17218142860344
TMEM160,218.45269958117586
SAE1,172.99726356554103
ZC3H4,291.663731581392
BBC3,90.86239096991554
CCDC9,93.25115064995632
INAFM1,129.23355505942646
C5AR1,101.41257720594825
C5AR2,64.67581217759812
DHX34,80.9652525910243
MEIS3,84.48773768147026
SLC8A2,203.09572792629712
KPTN,121.6495577445418
NAPA,146.4266015719526
ZNF541,48.25195044376463
GLTSCR1,132.9836126014583
EHD2,145.6390971480484
GLTSCR2,146.1055022069175
SELENOW,189.308698729306
PLA2G4C,109.78836545642793
LIG1,115.91217205954067
C19orf68,182.63060251794664
CARD8,75.45568577294543
ZNF114,79.35247439684375
CCDC114,141.13342405294128
EMP3,143.33027882037274
TMEM143,119.04114446675496
SYNGR4,103.69634947586289
KDELR1,92.9459479348464
GRIN2D,130.96561286763622
GRWD1,95.27936906369354
KCNJ14,154.78304019204796
CYTH2,121.14117523572082
LMTK3,178.47588808897518
SULT2B1,101.06043837854787
FAM83E,45.29914092778273
RPL18,348.6226628675638
SPHK2,135.1842164866369
DBP,199.78993780749624
CA11,215.817567631891
NTN5,102.54427896119111
FUT2,41.8283561222145
MAMSTR,79.87171022621499
RASIP1,181.60061680283226
IZUMO1,72.46641170266648
FUT1,107.67834425172495
BCAT2,76.97124885763941
HSD17B14,152.78618033539573
PLEKHA4,154.91834400162554
PPP1R15A,133.40807869374643
TULP2,79.5232813318716
NUCB1,149.93916807490183
DHDH,89.79103865241657
BAX,88.6399059211092
FTL,202.5061486325165
GYS1,91.74371170580304
RUVBL2,121.84023296049517
LHB,62.63562703749997
CTB-60B18.10,46.17348447725266
CGB2,65.9050275640337
SNRNP70,100.50463195802476
LIN7B,143.3323342437785
C19orf73,70.10026200573554
PPFIA3,123.84777951478986
HRC,172.99638651563046
TRPM4,72.29451680622265
SLC6A16,107.3195523289067
CD37,130.66308735671464
DKKL1,66.67853161960053
TEAD2,77.04818028068598
SLC17A7,115.4326197081453
ALDH16A1,67.74788297043017
PIH1D1,124.03118065726363
FLT3LG,155.47142051869042
RPL13A,220.29457102304642
RPS11,286.1420577395461
FCGRT,103.47414260143879
RCN3,110.61571485318396
PRRG2,67.4793787244092
NOSIP,187.06950165149863
PRR12,98.2608134649281
RRAS,118.80116331279629
SCAF1,300.22212002264735
IRF3,149.04377270370713
BCL2L12,62.388099833826516
PRMT1,164.81456314787
ADM5,139.77672046257402
CPT1C,85.7386620713165
TSKS,79.28986601019659
AP2A1,231.09796844430167
FUZ,77.6618136912011
MED25,128.1203294760706
PTOV1,121.02839043259624
PNKP,80.20303967603488
TBC1D17,93.18462305234002
AKT1S1,133.60449826589104
IL4I1,76.55718286083132
NUP62,137.42667152877735
ATF5,103.85894905867335
SIGLEC11,63.66425721179601
VRK3,60.58401150182425
ZNF473,92.46403152693821
IZUMO2,73.3139483207546
MYH14,136.09486690024005
NR1H2,186.0632846939665
KCNC3,140.6042674394826
NAPSA,48.59064250637451
POLD1,89.33236794828062
MYBPC2,123.54016562824717
FAM71E1,143.75006733109234
EMC10,164.5833885940433
JOSD2,99.55760153719129
ASPDH,111.17770715302487
LRRC4B,180.79181256551672
SYT3,157.3810809999478
C19orf81,188.1110234052536
SHANK1,242.04512300116977
CLEC11A,75.9859934500999
C19orf48,95.53455109089865
KLK1,91.08626017875002
KLK5,93.3569190451498
KLK6,196.47117264327613
KLK7,82.62558701190119
KLK10,87.91414557644276
KLK14,63.37593021117712
CTU1,200.64899979813546
SIGLEC9,133.30350132168286
SIGLEC7,42.18335826154211
CD33,62.08847353342449
IGLON5,101.18787743221671
VSIG10L,78.26639962676023
ETFB,190.7537871190719
CLDND2,83.06575261896435
NKG7,145.12924530540127
C19orf84,69.58631154011533
SIGLEC10,132.14341973792395
SIGLEC8,134.75065876803632
ZNF175,63.2970864978702
SIGLEC5,44.17687717159117
SIGLEC14,46.46548908474597
SPACA6,117.69289347291226
HAS1,116.15028912747607
FPR2,78.30592126678931
FPR3,117.70742821392344
FPR1,128.11137651352735
ZNF577,112.97411045844987
ZNF649,67.89924109034709
ZNF613,72.2324356405241
ZNF350,63.488420496502926
ZNF615,103.52084254375927
ZNF614,65.01614761901212
ZNF432,93.36461419483044
ZNF841,136.94486841996877
ZNF616,135.68888814068595
ZNF836,93.12680645584226
PPP2R1A,221.76904442602273
ZNF766,89.24337883975502
ZNF480,71.98678793994551
ZNF610,65.11499326358955
ZNF880,47.949717730416154
ZNF528,57.6321069321084
ZNF534,72.40614606194742
ZNF578,85.03293915061548
ZNF808,102.10809059476705
ZNF701,132.46647540846047
ZNF83,67.48536366115852
ZNF611,109.22158648746026
ZNF600,63.71710792624816
ZNF28,111.16524520786882
ZNF468,71.87582971822047
ZNF320,56.342687199998466
ZNF888,58.58029438349658
ZNF816,57.87374502952423
ZNF160,52.610889339535305
ZNF415,58.03592229306949
ZNF347,67.7359439729268
ZNF665,99.22322159839015
ZNF677,98.8042907900039
ZNF845,91.26792958584366
ZNF525,59.7904062592163
ZNF765,72.53857866909098
ZNF761,68.58404900701731
ZNF813,67.864942747817
ZNF331,94.10546122126246
NLRP12,77.39374786842728
MYADM,137.62892247758225
PRKCG,198.5769626576706
CACNG7,167.76099401280518
CACNG8,192.05678610320982
CACNG6,65.18050358056772
VSTM1,78.97503684098308
OSCAR,94.83895545816696
NDUFA3,146.08755189846616
TFPT,86.9049556465288
PRPF31,68.74153533590982
CNOT3,173.0489249954834
LENG1,67.04408398724371
TMC4,139.27072243721545
MBOAT7,78.95626500517824
TSEN34,104.36130922467635
RPS9,149.60952639683742
LILRB3,127.34166829823226
LILRA6,100.03432422814001
LILRB5,102.33913501660112
LILRB2,94.54880426059785
LILRA5,144.9559976595546
LILRA4,66.57276710659886
LAIR1,135.47437071538445
TTYH1,221.4925993898873
LENG8,125.16280155940652
LENG9,74.48858510128511
CDC42EP5,96.50699033694244
KIR3DX1,84.13048098329949
LILRA2,100.76268979284296
LILRA1,81.54294058554137
LILRB1,123.3393675246981
LILRB4,154.62182549356967
FCAR,126.86860535517366
NLRP2,44.219427504274535
GP6,62.14877509024666
RDH13,95.65545959807136
EPS8L1,73.90480046009142
PPP1R12C,133.7017407502948
TNNT1,90.17430599078881
TNNI3,103.35854277886199
DNAAF3,142.19311652346525
SYT5,249.18019734523
PTPRH,108.78775570553452
TMEM86B,113.46436386442628
PPP6R1,219.51642562600995
HSPBP1,203.77133446720808
BRSK1,186.49019865704207
TMEM150B,70.21753660786257
KMT5C,123.52740993004733
COX6B2,57.3624595962456
IL11,97.80829457021082
TMEM238,72.37207898598234
RPL28,220.7527939177045
UBE2S,113.42362672415155
SHISA7,99.80334719915493
ISOC2,129.66149953606984
ZNF628,91.85221103544973
NAT14,156.92403833867223
SSC5D,139.9829338142735
ZNF579,206.00434036626532
FIZ1,148.53973828518684
ZNF524,192.45088422673103
ZNF865,278.03887856819534
ZNF784,91.96273819243493
ZNF580,151.07199109515682
ZNF581,88.79084609520174
CCDC106,173.35900246016598
U2AF2,115.16885074845561
EPN1,213.78744062924676
ZNF787,119.12775344595522
ZNF444,202.16305481612335
GALP,63.86271381795541
ZSCAN5B,67.3994730548252
AC006116.20,67.34202978866637
ZSCAN5A,78.44477545892317
ZNF582,98.58222466927162
ZNF583,59.23194868135681
ZNF667,113.9967734740176
ZNF471,71.85403601978888
ZFP28,75.48772242472288
ZNF470,79.11235794316923
ZNF71,108.02417935442253
SMIM17,104.24628226370743
ZNF835,79.92443518321568
PEG3,143.54375306563188
ZIM2,92.26574795218392
ZNF264,70.74368543402667
AURKC,54.51998528130224
ZNF805,78.19764439227328
ZNF460,100.02735500921531
ZNF543,113.80659625892906
ZNF304,65.02365336702348
ZNF547,119.99960600700749
TRAPPC2B,71.85233441792215
ZNF548,107.19659107001394
ZNF17,99.32009798089328
ZNF749,50.90528522441912
VN1R1,71.39243611309928
ZNF772,85.51238465772565
ZNF419,48.40100631317611
ZNF773,78.59077261583255
ZNF549,84.93926086793607
ZNF550,114.23425132021083
ZNF416,91.46750605342027
ZIK1,71.88216237543352
ZNF530,76.20281004099564
ZNF134,136.30144523403413
ZNF211,128.2035039573997
ZNF551,104.6521575572452
ZNF154,175.25322054263052
ZNF671,69.05893024706421
ZNF776,88.46114019100239
ZNF586,81.59663378942747
ZNF552,57.28496370979096
ZNF587B,53.51485948885784
ZNF587,96.80310972197734
ZNF814,100.58982656510759
ZNF417,90.72330572393622
ZNF418,74.90200455936235
ZNF256,75.64090407009616
C19orf18,86.01492359033159
ZNF606,85.44179845651954
ZSCAN1,77.62673055669748
ZNF135,65.42595883300046
ZSCAN18,114.66026924330481
ZNF329,155.31006532375596
ZNF274,124.91065813590029
ZNF544,67.77649469654085
ZNF8,82.47702776871344
ERVK3-1,74.19423263004097
ZSCAN22,57.727804340291954
A1BG,104.87002705975019
ZNF497,100.282551208256
ZNF837,71.76703267291475
RPS5,237.31555331829017
ZNF584,115.62502787653577
ZNF132,103.48434082864068
ZNF324B,56.19988161899977
ZNF324,95.57225850495058
ZNF446,91.33975886662122
SLC27A5,122.7296795798255
ZBTB45,120.42871543143929
TRIM28,121.5779118392474
CHMP2A,216.81760398992805
UBE2M,157.71051017196112
MZF1,120.08560429593217
C20orf96,87.2897258304348
ZCCHC3,103.05290065397026
SOX12,140.79239186070043
NRSN2,180.7730205748739
TRIB3,69.80285539525624
RBCK1,85.40340116134973
TBC1D20,81.37364268374108
CSNK2A1,100.73395226340935
TCF15,76.19612444634356
SRXN1,128.79328689655398
SCRT2,68.43523880056318
SLC52A3,106.94362201623167
FAM110A,114.58123983830467
ANGPT4,80.72843794469134
RSPO4,98.37020845010085
PSMF1,108.42541902807477
TMEM74B,99.441779830712
C20orf202,44.17735212260459
SNPH,141.76610829023323
SDCBP2,110.80819477453156
FKBP1A,138.64049598267655
NSFL1C,131.27723185970294
SIRPB2,57.05216486474836
SIRPB1,42.49948479065071
SIRPG,55.54971667136965
SIRPA,147.10399955973028
PDYN,171.18286357574087
STK35,100.62674743313698
TGM3,84.1860812277452
SNRPB,89.5099726357872
ZNF343,73.48827299122544
TMC2,70.18341837969732
NOP56,113.32318596812814
IDH3B,87.4898538545911
EBF4,174.59089667325827
CPXM1,60.88876684381222
VPS16,57.595582046304486
PCED1A,139.42596166961948
PTPRA,185.35602372535863
GNRH2,64.96624510647646
MRPS26,103.92972759532068
OXT,86.96638054397823
AVP,55.90512375119272
FASTKD5,91.8064990315716
UBOX5,97.2385680803188
LZTS3,172.6533644039303
DDRGK1,135.24283103366798
ITPA,117.65321922265917
SLC4A11,95.90597754696083
C20orf194,117.45209312616188
ATRN,126.20161683076776
GFRA4,60.47006152803368
ADAM33,132.7411268731679
SIGLEC1,131.23796727183085
HSPA12B,87.4222222652399
C20orf27,160.0426820422215
SPEF1,118.7739763052175
CENPB,177.9155207993017
CDC25B,121.79142354630724
AP5S1,126.86034754855399
MAVS,120.61263516945587
PANK2,118.90822020532266
RNF24,84.73864055298748
SMOX,148.09971441362586
ADRA1D,127.71168559091257
PRNP,135.43433801027243
RASSF2,178.61627630342406
SLC23A2,98.7935992647489
TMEM230,69.00225713820214
PCNA,115.63223285055108
CDS2,98.24927525994661
GPCPD1,120.58353177194402
C20orf196,70.4438328423214
CHGB,119.23107656606231
TRMT6,108.08581637099684
MCM8,80.12745922411105
CRLS1,171.22261264932678
LRRN4,94.84344490063941
FERMT1,214.1237219979305
BMP2,70.88009426060495
TMX4,148.3602072955585
PLCB1,182.21789485778106
PLCB4,211.41902844031102
LAMP5,176.5087867896146
PAK5,119.86729456827615
ANKEF1,127.34515286500957
SNAP25,189.755192221038
MKKS,106.2432593167004
SLX4IP,68.51913657113565
JAG1,126.16958622907893
BTBD3,156.79456101756597
SPTLC3,87.85397737217
ISM1,119.95962004808419
TASP1,142.77617940850658
ESF1,101.07545447630537
NDUFAF5,126.54102610899918
MACROD2,222.75181081372057
SEL1L2,80.5796000607925
FLRT3,147.96357846213493
KIF16B,95.76456127115756
SNRPB2,131.91024957331828
PCSK2,139.36138000025838
BFSP1,114.51362175261787
DSTN,185.72493179352358
RRBP1,224.9992282797598
SNX5,99.05853897602321
MGME1,90.12683647448597
OVOL2,63.71842005792277
PET117,88.77031114988864
KAT14,72.37047435717213
ZNF133,94.07905962982781
DZANK1,93.58837693458005
POLR3F,55.88386584340981
RBBP9,82.56288636479226
SEC23B,72.58234444687935
LINC00493,135.32768246406178
DTD1,101.77918888030291
SLC24A3,183.96426509649484
RIN2,90.85481299104833
NAA20,188.14477345336076
CRNKL1,141.53563713065924
CFAP61,178.24643243766042
INSM1,109.84240993945554
RALGAPA2,79.92818845340844
KIZ,114.49347558531352
XRN2,133.30465882768522
NKX2-2,99.14419529247655
SSTR4,53.77657675439772
THBD,131.4659600566999
CD93,122.90251888114966
NXT1,131.19811110750044
GZF1,110.06734520472301
NAPB,225.52133488831714
CST3,136.9501315777752
SYNDIG1,98.5507430787768
CST7,183.1811857543017
APMAP,110.61125193783371
ACSS1,132.11418516085752
VSX1,76.89260579318176
ENTPD6,160.05445004831182
PYGB,123.60313458639467
ABHD12,98.03522184460056
GINS1,82.15415776223381
NINL,122.84381663472266
NANP,80.60800568549672
ZNF337,87.79662313360274
FAM182B,62.45082233652104
REM1,200.30216321748964
HM13,111.6605304644041
ID1,116.70286290325194
COX4I2,76.39983780152608
BCL2L1,162.88324050550267
TPX2,111.67308262679316
MYLK2,120.5006374692054
FOXS1,136.3782530541003
DUSP15,181.59936113684378
TTLL9,86.90529084752029
PDRG1,117.12524212950447
XKR7,96.40724128627053
CCM2L,125.6384859000795
HCK,171.1189728286862
TM9SF4,102.08769971954314
PLAGL2,108.64530157678152
POFUT1,132.54635950594098
KIF3B,144.35481389672745
ASXL1,111.08230775694327
NOL4L,103.95446264081306
COMMD7,150.53407985178677
DNMT3B,97.31875220806916
MAPRE1,148.68621572947666
CDK5RAP1,64.07065205176727
SNTA1,186.67272568875677
CBFA2T2,133.20789374012193
ACTL10,42.65518204857159
NECAB3,138.2327064214045
E2F1,74.6159541830408
PXMP4,99.30124955894226
ZNF341,70.44967945380964
CHMP4B,155.04362644895676
RALY,143.20358944913184
EIF2S2,161.8781050209684
ASIP,68.84813487254598
AHCY,185.67932599912234
ITCH,70.78362596444481
DYNLRB1,104.52385634603647
MAP1LC3A,98.67119435560943
PIGU,100.33878039322377
TP53INP2,202.7419592346825
NCOA6,136.8707168562511
ACSS2,126.9177940077561
GGT7,199.80060141899162
GSS,242.8977748877951
MYH7B,167.08459686733465
TRPC4AP,115.09805916431324
EDEM2,52.743851407492684
PROCR,94.91687934695739
MMP24,180.1067388631589
MMP24-AS1,101.13988352807826
EIF6,171.01868936932163
UQCC1,84.9508553016982
GDF5,75.13784836755576
CEP250,107.55874733355168
ERGIC3,128.1464978753382
SPAG4,81.70964495597462
RBM12,173.68493162144318
CPNE1,79.09078504608433
NFS1,114.09946060807653
ROMO1,121.82694327323861
RBM39,118.03255531304228
PHF20,98.17406316133145
CNBD2,81.70459792473247
SCAND1,252.60819651028532
EPB41L1,161.10622336476035
AAR2,101.80215428704605
DLGAP4,160.471625622535
MYL9,236.14610259286601
TGIF2,178.88478112107035
C20orf24,181.74557801721977
SLA2,105.3171163849195
NDRG3,152.09243172816429
DSN1,101.8135118585578
SOGA1,131.08671717824797
TLDC2,81.87327026139397
SAMHD1,164.98920834810576
RBL1,100.8905096535888
RPN2,126.56093802007643
MROH8,84.08517104542943
MANBAL,82.25679197085418
SRC,98.35170017820951
NNAT,211.183259065308
BLCAP,162.18883146434302
CTNNBL1,120.16931077601913
VSTM2L,173.4390361361954
TTI1,81.242618270773
RPRD1B,83.11208655887748
TGM2,124.10723247187357
BPI,82.20284322134748
KIAA1755,112.83576851193993
RALGAPB,101.12775783923576
ADIG,93.61660195346522
ARHGAP40,76.99056629959662
SLC32A1,236.94772222212836
ACTR5,63.591195703570605
PPP1R16B,281.55328198589285
FAM83D,62.477593980750896
DHX35,63.787135173366636
MAFB,155.3536881725434
TOP1,94.63660660539458
PLCG1,108.68038952638014
ZHX3,179.05623504059471
LPIN3,143.63679538744105
EMILIN3,119.47715595612951
CHD6,182.1590619238948
PTPRT,155.9803532520829
SRSF6,141.14114317607485
L3MBTL1,152.17793740863078
SGK2,126.5677604163271
IFT52,74.50375687182509
MYBL2,96.03404715123591
TOX2,113.52857674967348
JPH2,161.5896935909093
OSER1,108.16537155495328
GDAP1L1,153.83561030421032
FITM2,126.48352221134414
TTPAL,94.08329388946308
SERINC3,209.96657790129018
PKIG,198.24424896367321
ADA,88.20455629560078
WISP2,72.96727126842069
KCNK15,53.35162067187085
RIMS4,261.9585152740408
YWHAB,126.99140313302036
PABPC1L,71.88501935413203
TOMM34,122.93826966941847
STK4,107.35462041048712
KCNS1,81.90756756805797
PI3,88.91116916981721
SLPI,103.7642909663009
MATN4,68.63187242339228
SDC4,125.64243653986264
SYS1,115.87411310515589
DBNDD2,210.24104465361637
TP53TG5,137.00301310062093
PIGT,156.43158365999534
WFDC2,148.61971227031987
WFDC3,56.79012456890325
DNTTIP1,87.58737755711044
UBE2C,65.78115302148638
TNNC2,134.1719559686003
SNX21,143.50757278445437
ACOT8,122.70356410950893
ZSWIM3,80.40641602127894
ZSWIM1,98.20528854925155
SPATA25,97.44746164784661
NEURL2,80.85418156366197
CTSA,126.9745775106351
PLTP,139.67682605702382
PCIF1,131.0387832315852
ZNF335,94.74914854250903
MMP9,135.7090968130205
SLC12A5,141.8616712330114
NCOA5,175.210517751993
CD40,81.80562664996569
CDH22,102.10314736410609
SLC35C2,131.6608916674239
ELMO2,167.57597119118867
ZNF334,113.7264691029506
SLC13A3,126.4326748285585
TP53RK,71.22154373364509
SLC2A10,100.35640035655081
EYA2,96.71070889274404
ZMYND8,107.60045270479293
NCOA3,173.48255232444217
SULF2,214.28675912538299
PREX1,190.51994796674762
ARFGEF2,106.95340268759543
CSE1L,73.92362172949507
STAU1,116.41725605325098
DDX27,86.57152313734665
ZNFX1,125.63948541344922
KCNB1,139.09472322994225
PTGIS,59.550557664145515
B4GALT5,160.40940834340012
SLC9A8,102.80645450975615
SPATA2,212.73576790432685
RNF114,128.44187237140224
SNAI1,117.44214327073246
UBE2V1,181.45049393031053
TMEM189,124.50436063825754
CEBPB,228.81388807848066
PTPN1,105.62228855175064
FAM65C,155.3909537229819
PARD6B,95.05007844148477
BCAS4,112.4297134302085
ADNP,86.00099271743477
DPM1,121.06614504418303
MOCS3,77.67075196695603
KCNG1,90.47726640707978
NFATC2,91.6609820406438
ATP9A,128.94556228074242
SALL4,73.78397894690497
ZFP64,76.32506069038322
TSHZ2,125.27047261825251
ZNF217,87.1106065743322
BCAS1,208.99403593996692
CYP24A1,93.52212655534771
PFDN4,97.17638286419799
DOK5,196.66504602262103
CBLN4,76.00060407267551
FAM210B,118.9038798816315
AURKA,112.6232238480809
CSTF1,129.05072286156962
CASS4,160.1046008487265
RTFDC1,191.15381529897803
FAM209A,86.38914829322843
GCNT7,81.12848875301668
FAM209B,60.26514156285853
TFAP2C,135.948880395751
BMP7,110.86211495387064
RAE1,89.48674091589314
MTRNR2L3,72.13215739867806
RBM38,106.24644682634099
PCK1,183.42011676347323
ZBP1,139.26679162153806
PMEPA1,185.32129281495975
C20orf85,122.42735556372307
RAB22A,138.55160101901626
VAPB,53.8147724738395
STX16,159.9911034757144
NPEPL1,154.68195786750272
GNAS,156.71989482698285
NELFCD,88.63397087539948
CTSZ,115.47075627511674
TUBB1,53.270810824093815
ATP5E,206.38311292639042
PRELID3B,83.37228667491746
ZNF831,113.93892488283811
EDN3,175.36912988359842
PHACTR3,147.30483236116922
SYCP2,83.15995899322894
FAM217B,107.75005416689535
PPP1R3D,89.5462227829307
CDH26,124.81704830673698
CDH4,165.86005022471625
TAF4,103.7461959429283
LSM14B,158.2739306427495
PSMA7,124.53843284814837
SS18L1,88.12558958890813
MTG2,68.90883779832933
HRH3,149.67764517650608
OSBPL2,128.47379404425038
ADRM1,111.47613106078413
LAMA5,159.31441462512353
RPS21,263.02389158856715
CABLES2,93.07795140804862
SLCO4A1,174.27894290552518
NTSR1,99.77785674974058
MRGBP,83.9443522636885
OGFR,54.72816649949388
COL9A3,102.90398649066074
TCFL5,114.55868180220887
DIDO1,66.71718732696846
GID8,154.02131645287818
SLC17A9,91.4366678882435
YTHDF1,136.79095802456385
BIRC7,52.05256981627909
NKAIN4,87.82790505190388
ARFGAP1,181.0184457811901
COL20A1,194.67065381741418
CHRNA4,62.276727943868195
KCNQ2,228.7852420994589
EEF1A2,177.6562965134454
PPDPF,221.78667036178945
PTK6,92.12312952664038
SRMS,63.7429062774458
FNDC11,60.75139451737621
HELZ2,136.41154283421244
GMEB2,148.2219492560247
STMN3,160.27426564750976
RTEL1,265.85422332905796
TNFRSF6B,147.7507601472497
ARFRP1,120.56337133910833
ZGPAT,182.27433930716472
LIME1,162.6133212799049
SLC2A4RG,168.38021375630723
ZBTB46,85.10768563317856
TPD52L2,149.58602606703369
DNAJC5,162.044906557459
UCKL1,122.19828095370275
ZNF512B,179.5487028434752
SAMD10,183.57183969059633
PRPF6,138.74243294671882
LINC00176,99.87800128411564
SOX18,160.77054701237466
TCEA2,85.03283321640379
RGS19,98.71795709002478
OPRL1,154.03246739983229
LKAAEAR1,165.93725090758417
MYT1,254.12096049226636
PCMTD2,81.50321498655791
CH507-9B2.1,52.455256515032545
CH507-9B2.3,74.64953008141626
CH507-9B2.5,54.714497824697276
CH507-9B2.9,49.77881840039538
CH507-42P11.8,140.70370648112586
CBSL,35.216671826321004
U2AF1L5,60.11234918445015
RBM11,68.34626907423919
HSPA13,125.13836295019325
SAMSN1,117.93693914505334
NRIP1,174.29229674693238
USP25,133.0307832115267
CXADR,133.01060765639465
BTG3,117.46343996109448
C21orf91,146.09538760834195
CHODL,221.84002254935058
NCAM2,133.22327202659534
MRPL39,58.677974509615694
JAM2,133.66680948910843
GABPA,111.33686557138122
ATP5J,189.88005804181398
APP,177.1205212224865
CYYR1,136.82074821373425
ADAMTS1,155.7367596166211
ADAMTS5,120.31914878060442
N6AMT1,97.88743823710504
LTN1,97.61127848815275
RWDD2B,70.40317228137405
USP16,109.70795526172299
CCT8,194.54561559070868
MAP3K7CL,138.603081933426
BACH1,124.99487899597716
GRIK1,177.79370232736116
TIAM1,75.59190282091467
SOD1,169.61937132422133
SCAF4,98.67319134113359
HUNK,82.61378189205746
MIS18A,85.24172782527083
URB1,82.97506244133695
EVA1C,149.8941240969906
TCP10L,91.46587599754085
C21orf59,121.48625521304331
SYNJ1,84.44988821369344
PAXBP1,81.51048194094318
C21orf62,83.9066687440033
OLIG2,228.771912715648
OLIG1,204.17017846054185
IFNAR2,129.93638568242878
IL10RB,63.76756020329668
IFNAR1,70.28779525590522
IFNGR2,153.00661840069967
TMEM50B,114.06554135246401
DNAJC28,130.58615028322538
SON,166.519532955101
GART,132.4879529395579
DONSON,73.43174289831495
ITSN1,122.00169282029375
CRYZL1,180.66182946223313
ATP5O,133.20135006999644
MRPS6,139.82073741444094
SLC5A3,168.90757977700568
KCNE2,46.098012073571795
KCNE1,72.58809606764359
RCAN1,65.0616040215211
CLIC6,130.52134565669002
RUNX1,75.70796305102249
CBR1,81.70805698622718
SETD4,101.64879682947844
CBR3,79.53176053063598
DOPEY2,111.62491169750962
MORC3,81.71709340045098
CHAF1B,117.97638943569396
SIM2,92.99103315717574
HLCS,77.70683561348932
RIPPLY3,50.49035956636601
PIGP,90.87712853265393
TTC3,139.39457081122055
DSCR3,115.4644705716085
DYRK1A,67.9524507831317
KCNJ6,54.280857566564976
ERG,168.2895419589093
ETS2,115.97803516930554
PSMG1,66.57910827512211
BRWD1,130.36202042099944
HMGN1,173.78783840440275
WRB,84.89572420156264
LCA5L,54.64761141002717
SH3BGR,90.09884603250879
B3GALT5,97.63560453827884
IGSF5,60.47141584391201
PCP4,142.3806472277029
DSCAM,288.29550913386544
BACE2,93.81967590871443
MX2,151.02814906985967
MX1,123.99148835910441
RIPK4,69.72411305583046
PRDM15,89.60049170525966
C2CD2,130.69610251616018
ZBTB21,110.75794745534466
UMODL1,84.89114368563574
ABCG1,110.4739101045887
TFF3,87.33350094810334
TMPRSS3,124.1778944043916
SLC37A1,99.46056795190609
RSPH1,114.55611934747293
PDE9A,59.032835163277014
WDR4,66.83145163478491
NDUFV3,121.57349988029083
PKNOX1,115.93420356921521
CBS,36.14191033805213
U2AF1,52.5297261606199
SIK1,51.37558834275657
HSF2BP,105.14461392603019
RRP1B,92.68720144693722
PDXK,133.03426527546483
CSTB,100.79030885604931
RRP1,95.61997827921138
AGPAT3,166.72669218365306
TRAPPC10,120.2508228620328
PWP2,58.26205000868072
C21orf33,54.43420260784595
ICOSLG,47.895056743390825
AIRE,67.77087263968775
PFKL,84.52437251227718
C21orf2,87.06808506177006
TRPM2,63.21936277940969
LRRC3,108.4618650484482
TSPEAR,55.267052845264544
UBE2G2,116.85071190295335
SUMO3,201.60219192759178
PTTG1IP,134.2538226167046
ITGB2,97.88887704003128
FAM207A,117.16414564300416
ADARB1,85.72881065407398
POFUT2,99.5984374546941
COL18A1,146.928959627578
SLC19A1,128.88543687875347
PCBP3,121.72281662310002
COL6A1,84.18656911939851
COL6A2,222.3225883161044
FTCD,61.86829269786648
SPATC1L,50.93194570664991
LSS,156.43237532675033
MCM3AP,138.5005798582122
YBEY,64.66597268700599
C21orf58,99.59060939329117
PCNT,110.48105030990507
DIP2A,94.47134525004304
S100B,113.97007039936867
PRMT2,170.24040355741198
IL17RA,96.32677227407311
CECR6,95.61761851538176
HDHD5,73.46795992582304
CECR1,60.14508341991137
CECR2,135.28585612337156
SLC25A18,115.20070419276283
ATP6V1E1,119.20955368714317
BCL2L13,84.29594059967144
BID,129.22399694903572
MICAL3,132.66798396493266
PEX26,115.91162838492772
TUBA8,59.56175642439618
USP18,125.5194513149527
TMEM191B,72.44860652830099
RIMBP3,91.34205123148286
DGCR6,50.012917831492075
PRODH,50.105849336446596
DGCR2,96.63372554285493
DGCR14,113.81532384605705
SLC25A1,166.45259635858375
CLTCL1,134.13676147933657
HIRA,72.99173870083075
MRPL40,110.90283397055944
C22orf39,107.71548848638403
UFD1L,69.48404415763315
CDC45,97.9863850055516
CLDN5,196.5786165512958
SEPT5,231.2867353315355
TBX1,108.64774296127933
C22orf29,64.23975831239761
GNB1L,62.55045896361588
COMT,134.88600397104824
TXNRD2,95.30094847774637
ARVCF,153.10734602077127
TANGO2,115.21426289185169
DGCR8,73.77889570624626
RANBP1,125.58228516739842
TRMT2A,129.6958571856954
ZDHHC8,116.16978164029959
CCDC188,59.64802102627797
RTN4R,146.63601910099382
DGCR6L,119.52642094673664
ZNF74,124.41302115636108
SCARF2,138.8254650746985
KLHL22,137.77075885402004
MED15,160.85065353679624
SERPIND1,158.26995351889633
SNAP29,45.7269220795653
PI4KA,140.43674227945462
CRKL,118.1493232289206
AIFM3,196.2245956818213
LZTR1,153.68021340247145
THAP7,134.28420700920657
P2RX6,75.4158635127572
SLC7A4,57.583126437566165
LRRC74B,128.68761904050822
GGT2,74.56611741935956
HIC2,92.84544148503201
TMEM191C,81.04244676259066
UBE2L3,106.99076057570815
YDJC,131.01188706552045
CCDC116,68.76519810033864
SDF2L1,177.6650551981755
PPIL2,114.79237872368034
YPEL1,209.34594349012622
MAPK1,184.70492675495277
PPM1F,162.07432668346374
TOP3B,64.6574054199518
ZNF280B,85.47186995054747
PRAME,60.90419008434685
GNAZ,116.70518647555949
RSPH14,76.62311426812877
RAB36,101.63603577229694
BCR,73.08606854770568
IGLL1,67.85820075663932
DRICH1,58.121056000594365
RGL4,59.097863494129314
ZNF70,96.82013228133152
VPREB3,53.097283693443046
C22orf15,98.31755134618811
CHCHD10,150.06833813882358
MMP11,78.51453342642586
SMARCB1,127.17940772612448
DERL3,73.35698096727847
SLC2A11,93.5365342147372
MIF,102.92846997438625
GSTT2B,70.8692778976509
DDTL,54.92461112451787
DDT,150.20133877443124
CABIN1,227.29954102242112
SUSD2,142.04822332052166
GGT5,254.65072848378776
SPECC1L,87.2720815442431
ADORA2A,154.82741902825794
UPB1,100.71858379899075
GUCD1,129.90616634026003
SNRPD3,149.71219028506647
LRRC75B,94.1667151141134
GGT1,82.54591008804829
SGSM1,111.79929922844161
TMEM211,76.44323579134999
KIAA1671,94.11933552648611
CRYBB3,69.80047558130983
CRYBB2,76.78232639578016
LRP5L,55.47409036680813
GRK3,104.99447382242045
SEZ6L,264.92290657970943
ASPHD2,206.86446351946233
HPS4,88.09853657088448
SRRD,75.03186344136739
TFIP11,87.39318797212698
TPST2,143.07970152156014
CRYBB1,78.53205863291154
CRYBA4,57.85589992736482
MN1,114.37008407660028
PITPNB,98.26801334988346
TTC28,96.23385579436626
CHEK2,114.79179093253984
HSCB,105.00037662342984
CCDC117,102.13383461084592
XBP1,143.14287858148492
ZNRF3,102.88867726901813
C22orf31,88.98419342028274
KREMEN1,120.16574643428132
EMID1,204.78015567160412
RHBDD3,99.11032252355776
EWSR1,140.19040866307924
GAS2L1,122.15546828220096
RASL10A,143.09750418129875
AP1B1,136.66564832064944
NEFH,131.39895181390995
THOC5,68.5220487823093
NIPSNAP1,93.82033742747032
NF2,118.49361949537806
CABP7,131.30145421945696
ZMAT5,136.7903322438413
UQCR10,143.28879782624045
ASCC2,101.9443946768651
MTMR3,131.22888031010936
HORMAD2,56.893196863355286
LIF,85.739603461635
OSM,90.95445363299325
GATSL3,161.09098941087845
TBC1D10A,170.26042558397543
SF3A1,192.44565598200597
CCDC157,86.96944779175078
SEC14L2,109.54206344436614
RNF215,131.06942721816415
MTFP1,131.6111554932159
SEC14L4,69.1929145323848
SEC14L6,77.89710713219344
GAL3ST1,123.54279649377133
PES1,69.80161159162299
TCN2,148.76323849558912
SLC35E4,101.73773539475724
DUSP18,98.8800820606377
OSBP2,135.96999789451712
MORC2,88.42383959418956
SMTN,183.34316524091287
SELENOM,125.65994893287754
INPP5J,123.63748351710544
RNF185,139.27913852682028
LIMK2,180.60347739220407
PIK3IP1,129.63187653625616
PATZ1,137.89655726837967
DRG1,104.63486994407066
SFI1,73.28615291676763
EIF4ENIF1,101.49989119101741
PISD,158.0615031055363
PRR14L,101.00883583557484
DEPDC5,48.486403657697196
YWHAH,134.228581171863
RFPL2,46.15100302996785
SLC5A4,40.13353778681076
RFPL3S,46.26783776340969
RTCB,164.9754716796582
FBXO7,85.74207497829596
TIMP3,188.71209997257824
SYN3,82.83599343735483
LARGE1,162.24065280764415
HMGXB4,84.68688384324057
TOM1,108.25106925155796
HMOX1,130.0518300197997
MCM5,115.14935771733232
RASD2,108.50223100131177
MB,138.17539280199523
APOL6,150.36467861066762
RBFOX2,194.74180526075975
APOL3,120.42543082155439
APOL4,46.92353597309767
APOL2,138.31352293984443
APOL1,212.0531939655699
MYH9,207.13380038746155
TXN2,121.53500328440461
FOXRED2,97.54066510874037
EIF3D,158.76396445333603
CACNG2,146.0346455074253
IFT27,123.68794625705797
PVALB,134.4588230101765
NCF4,162.46106000611297
CSF2RB,87.47338698660838
MPST,108.09318608880892
TST,152.54621859122346
KCTD17,157.29803362892937
TMPRSS6,89.77794101409353
IL2RB,123.06146305620067
C1QTNF6,91.7498066198321
SSTR3,103.08041947241784
RAC2,194.67801981582622
CYTH4,154.60493746171827
ELFN2,225.31132096089027
MFNG,111.63234221286913
CARD10,196.49356516083887
CDC42EP1,122.47626267468496
GGA1,165.03579975894945
SH3BP1,105.01426460025573
PDXP,241.56056409500977
LGALS1,155.28299699928613
NOL12,116.85438742294002
TRIOBP,79.3455241723839
H1F0,144.92391475400498
GCAT,130.17607423234634
GALR3,89.88788932391
ANKRD54,120.30925999140342
EIF3L,184.04581293719022
MICALL1,135.71259649392243
C22orf23,81.2952414443242
POLR2F,85.56096779404652
PICK1,176.20371872399585
SLC16A8,105.64973532898392
BAIAP2L2,81.46967892598104
MAFF,151.65735509439486
PLA2G6,100.70315870956725
TMEM184B,126.84103421677719
CSNK1E,149.14022272211145
KCNJ4,190.56500336468088
KDELR3,98.42753740111169
DDX17,199.36830196288042
DMC1,84.69347262418015
FAM227A,71.34029488429707
CBY1,94.38718220054918
TOMM22,125.88552247803293
JOSD1,151.5772674737391
GTPBP1,166.8003368064467
SUN2,130.98162819049236
DNAL4,73.24499345699553
NPTXR,176.09909691118895
CBX6,199.62472517349426
APOBEC3A,133.58336493662586
APOBEC3B,72.3800925803163
APOBEC3C,119.14288780841665
APOBEC3D,62.880141332622856
APOBEC3F,88.43282867557014
APOBEC3G,68.89828829802767
APOBEC3H,73.68906931987104
CBX7,209.3867541380552
PDGFB,119.39085996035931
RPL3,227.85073657881213
SYNGR1,150.89388424242975
TAB1,129.16935310268903
MGAT3,192.34203996314977
MIEF1,88.72250823847679
ATF4,103.67161394802696
RPS19BP1,176.13808954793598
CACNA1I,123.57983494738218
ENTHD1,95.15586451294217
GRAP2,116.18973118210698
TNRC6B,145.11306862720122
ADSL,133.86080428462444
SGSM3,149.01888984258483
MKL1,114.74908218747808
MCHR1,96.09725708074683
SLC25A17,120.88384844140518
ST13,213.44832138782203
XPNPEP3,127.26597734045725
DNAJB7,76.38486418688939
RBX1,197.3865888165002
EP300,146.2496754325036
L3MBTL2,77.68963547086608
CHADL,150.35841481224833
RANGAP1,249.7642479729422
ZC3H7B,107.4424758965697
TEF,287.12455643934095
TOB2,112.03749370608799
PHF5A,132.3992317305493
ACO2,101.15922105549896
POLR3H,105.86167331538797
CSDC2,101.9769957391957
PMM1,145.017958035667
DESI1,119.25056164373373
XRCC6,102.39654212714348
C22orf46,142.262387156689
SNU13,105.1644456785454
MEI1,61.595046922142984
CCDC134,87.06408964678741
SREBF2,134.52518743959993
SHISA8,69.56282521258481
TNFRSF13C,113.72820970033561
CENPM,71.19346521861141
SEPT3,157.88091962564675
WBP2NL,84.70812397855767
NAGA,74.28640791272599
FAM109B,48.690253771018405
SMDT1,75.37853621353321
NDUFA6,102.9218940834919
CYP2D6,64.66701916966767
TCF20,190.45388945474576
NFAM1,100.09822983475445
RRP7A,66.40031908964707
SERHL2,87.58792989067643
POLDIP3,104.70152893945777
CYB5R3,124.34180003995539
A4GALT,124.10093469371586
ARFGAP3,91.50514450939221
PACSIN2,173.75364991582654
TTLL1,91.251418412471
BIK,60.070145618566926
MCAT,94.87797937859179
TSPO,133.47534063641416
TTLL12,90.51206391608045
SCUBE1,94.5781733601712
MPPED1,61.46444846095673
EFCAB6,106.60639856853581
SULT4A1,137.8643109200595
PNPLA5,118.2952979680511
PNPLA3,86.76253585488931
SAMM50,81.9817055704882
PARVB,82.9303594994995
PARVG,94.17072680215583
KIAA1644,211.98371708303813
LDOC1L,147.60669617875362
PRR5,159.04725445101775
ARHGAP8,73.46808460886132
PHF21B,100.9178276574728
NUP50,90.58011187360208
KIAA0930,188.14493804671633
UPK3A,107.37395707598444
FAM118A,57.140235347042676
RIBC2,115.29340139052681
FBLN1,171.16313940200422
ATXN10,137.60841150127231
WNT7B,176.90084304045143
PRR34,91.74680646581575
PPARA,122.50800400537366
CDPF1,79.63010269846095
PKDREJ,95.89217288474927
TTC38,93.82803567549226
GTSE1,86.07505129810886
TRMU,105.43779535444884
CELSR1,88.5734367326856
GRAMD4,146.60091181712275
CERK,135.90005162212776
TBC1D22A,84.7312777810171
FAM19A5,126.84212274075009
BRD1,138.96529157394042
ZBED4,82.54895132617509
CRELD2,170.85206373573527
ALG12,72.12917174527578
PIM3,196.29674405787233
MLC1,124.04559504730543
MOV10L1,94.01135815127589
PANX2,144.4519021383549
TRABD,125.5995427048343
SELENOO,70.63488602184981
TUBGCP6,113.88473177420181
HDAC10,89.55255887126464
MAPK12,75.17631681156575
MAPK11,129.0641447777615
PLXNB2,111.32570985376236
DENND6B,133.7198280223674
PPP6R2,70.09581398108034
SBF1,224.5227071901947
LMF2,81.9012746555428
NCAPH2,114.93928487658278
SCO2,111.23880175408081
TYMP,81.85328490629888
ODF3B,124.82661903804012
KLHDC7B,69.03069603815678
SYCE3,67.97245337860517
CPT1B,107.11370237320597
MAPK8IP2,152.61583267621648
CHKB,132.39776044343486
ARSA,73.91183220239671
SHANK3,191.38412309777314
ACR,71.90157519149233
RABL2B,111.05564912133576
PLCXD1,49.64225801744459
GTPBP6,43.38153909526201
PPP2R3B,126.31172013231418
CSF2RA,112.40831491145309
IL3RA,108.07841188804875
SLC25A6,176.81173950943895
ASMTL,71.10899943924358
P2RY8,82.79231996914604
AKAP17A,111.72877216483812
ASMT,50.615939386458535
ZBED1,128.91025685510266
DHRSX,140.5449036520541
CD99,139.41068293716302
GYG2,107.6459939929135
ARSD,102.01763435574065
ARSE,112.14145112631931
ARSF,194.17712199925091
MXRA5,104.6159537202692
PRKX,112.63140208035855
NLGN4X,154.7050856844603
VCX3A,65.7289240307523
PUDP,62.863421442692925
STS,55.65851731619324
VCX,35.04203695229481
PNPLA4,77.07841100847526
VCX3B,50.5292085350691
ANOS1,127.14920876716923
TBL1X,128.23032457508776
GPR143,105.89732830034976
SHROOM2,112.66541001582462
WWC3,101.92643595994483
CLCN4,95.36700063793623
MID1,93.38275768726567
HCCS,75.29655248734764
ARHGAP6,144.89403337721333
MSL3,97.9863103837398
FRMPD4,173.6459781844937
PRPS2,109.38458232379878
TLR7,148.02046501613478
TLR8,82.98973533577725
TMSB4X,115.2312489228421
EGFL6,96.47304275198059
TCEANC,48.55819599822058
RAB9A,111.71414156786787
TRAPPC2,101.60468525992724
OFD1,100.28431155897894
GPM6B,134.74170621772046
GEMIN8,72.40692300290956
GLRA2,139.87101925970506
FANCB,46.50715244003183
MOSPD2,71.54247938410899
ASB9,89.63617087885555
PIGA,122.53316077584145
VEGFD,70.68232899613872
BMX,53.57350531899243
PIR,64.2256738985179
ACE2,68.56886379573893
TMEM27,66.51606255334505
CA5B,168.09574612318596
ZRSR2,72.94515711453138
AP1S2,153.59642177496676
CTPS2,109.79259269849683
SYAP1,105.1637023756671
TXLNG,110.11770355569732
RBBP7,109.62296843799598
REPS2,145.84281491277588
NHS,229.8141335433101
SCML1,183.86942118539986
RAI2,182.6574737124323
SCML2,122.15955921850036
CDKL5,212.06015704308285
RS1,105.38173629266558
PPEF1,90.77524809325811
PHKA2,96.81090023554123
ADGRG2,102.48440694136735
PDHA1,103.0148492703286
SH3KBP1,107.96163385519264
CXorf23,95.13886129107959
MAP7D2,176.76917769833636
EIF1AX,106.8701430120386
RPS6KA3,139.7992156575026
CNKSR2,227.99325796694455
KLHL34,63.98805667072949
SMPX,111.58871509759538
MBTPS2,78.7317617363397
YY2,46.31681231710951
SMS,127.1296785500829
PHEX,146.37387702363725
PTCHD1,191.78989210151735
PRDX4,186.36633015572698
ACOT9,166.20203388908715
SAT1,263.6184137067747
APOO,86.31543670036635
CXorf58,57.73196197661784
KLHL15,95.38332848438219
EIF2S3,109.8036649556503
ZFX,77.07264117792607
PDK3,94.19709155083655
PCYT1B,99.01519082136477
POLA1,70.0301967156463
ARX,181.18715679414254
IL1RAPL1,85.34678073288927
NR0B1,160.80022202613605
CXorf21,67.6350641547941
GK,131.5799362239091
TAB3,123.18027938329877
DMD,118.5923080115654
TMEM47,150.5938577762802
CFAP47,83.78938022403275
PRRG1,169.08151595171253
LANCL3,156.59729201756912
XK,93.05062126091599
CYBB,141.00946497832882
DYNLT3,107.71045452283465
SYTL5,151.73233740769118
SRPX,107.15357620201118
RPGR,145.17862225369268
OTC,74.25110079959026
TSPAN7,110.09374902999303
MID1IP1,112.9585451739375
BCOR,209.4774397829641
ATP6AP2,118.55959161399312
CXorf38,118.19597048400576
MED14,85.20412187817993
USP9X,170.89247512358475
DDX3X,96.96369412019686
GPR34,204.03328669231985
GPR82,89.87111111324285
CASK,134.85315370137607
MAOA,155.22011075102188
MAOB,269.4037257046134
NDP,152.82934102105804
EFHC2,110.26586506564433
FUNDC1,144.45746781850147
KDM6A,97.68880008816168
CXorf36,133.3633738162715
KRBOX4,137.30532062172153
ZNF674,68.57979703460003
CHST7,112.46756436955741
SLC9A7,198.43292906598518
RP2,108.09742746552706
JADE3,115.58070775271693
RGN,62.60041731943221
NDUFB11,117.23763133219549
RBM10,185.63785853661702
UBA1,132.9238658387157
CDK16,179.78849115045833
USP11,220.44940704489073
ZNF157,48.01455493646773
ZNF41,121.50733386682975
ARAF,91.39510835422348
TIMP1,122.96892867428525
SYN1,209.50277966553733
CFP,105.611180339197
ELK1,148.27543259897428
UXT,160.1985335803334
ZNF81,119.64511638353008
ZNF182,78.51016362218547
ZNF630,67.78641763469258
SLC38A5,234.06319314026774
FTSJ1,121.42400475929045
PORCN,155.65710731034963
EBP,101.44462868145129
TBC1D25,116.5545382088522
RBM3,116.67553294363171
WDR13,114.11677653656895
WAS,147.0370199356571
SUV39H1,69.21823687196795
GATA1,50.12262800591725
HDAC6,158.45696082419437
ERAS,54.70543782270849
PCSK1N,262.904843564733
TIMM17B,208.4911334352925
PQBP1,132.31983475495406
SLC35A2,81.34963176037328
PIM2,112.0274196816454
OTUD5,114.02744213915867
KCND1,207.6181185340257
GRIPAP1,184.57695536261423
TFE3,203.85284753646891
CCDC120,96.3644164173123
PRAF2,119.4901499445603
WDR45,128.6012368062924
GPKOW,145.74424527203934
MAGIX,90.05108283403919
PLP2,134.05499179650988
PRICKLE3,122.46668953244739
SYP,183.6351941328428
CACNA1F,105.43778690505837
CCDC22,80.57050473269757
FOXP3,60.175771099053975
PPP1R3F,107.74335047997454
GAGE10,77.19652355500313
USP27X,67.14777074570566
CLCN5,85.03623516932157
CCNB3,59.67486726823566
DGKK,178.7096720946606
SHROOM4,114.89121022337889
NUDT10,101.80643821482218
CXorf67,56.29008355728155
NUDT11,141.52017406612407
CENPVL3,65.25846366983109
GSPT2,197.8164250401593
MAGED1,140.89174926229538
MAGED4B,102.34622444306927
FAM156A,56.97693094328224
GPR173,147.2803451040865
TSPYL2,170.31282491980272
KANTR,91.3517790119692
KDM5C,145.81606713212193
IQSEC2,202.0102365430484
SMC1A,120.39259041941997
RIBC1,212.27833251411238
HSD17B10,188.7711361211679
HUWE1,204.66999854057224
PHF8,140.87126108981133
FAM120C,108.31855474005863
WNK3,68.9060613761032
TSR2,196.2762363212209
FGD1,138.73283483726874
GNL3L,84.63475567846405
MAGED2,177.00601927604285
TRO,146.81069059277732
PFKFB1,71.79230947074248
APEX2,83.52340505868588
ALAS2,87.28914926703956
FAM104B,107.06380778696735
MTRNR2L10,127.18188589787749
MAGEH1,244.47907470056748
USP51,68.74429410284819
RRAGB,125.01721244578215
KLF8,66.33376675873811
UBQLN2,124.86052112258656
NBDY,93.92937202469298
SPIN3,107.13612320295698
SPIN2B,79.50643144474623
SPIN2A,51.523697315413216
FAAH2,65.26814878964396
ZXDB,71.7944367662976
NLRP2B,59.39394972404517
ZXDA,76.45215990583293
SPIN4,144.91283195818295
ARHGEF9,222.4553903013205
AMER1,105.97396246523866
ASB12,66.67464198651962
MTMR8,51.101146922561014
ZC4H2,76.5344540319503
ZC3H12B,83.74449907660926
LAS1L,193.2935097694915
MSN,124.0751677416959
VSIG4,86.66884311435794
HEPH,188.12586148633005
EDA2R,104.71493488022517
AR,90.24429697301633
OPHN1,145.35319777696094
YIPF6,90.94327802851745
STARD8,128.26201495594162
EFNB1,106.06591375984274
PJA1,112.61417122497426
FAM155B,102.74782576577422
EDA,66.59042099565809
IGBP1,147.80612146957657
RAB41,72.0883754858223
KIF4A,104.27272587696467
PDZD11,161.96238646536665
GDPD2,174.2783582357195
DLG3,185.9187025135866
SLC7A3,99.30715524937233
SNX12,90.07831658322641
FOXO4,185.05683790819455
IL2RG,161.91786335909666
MED12,213.06658649480465
NLGN3,164.57715524094004
GJB1,192.75643858233377
ZMYM3,136.14760778502315
NONO,173.44212492470422
ITGB1BP2,56.06955068299217
TAF1,137.2410482305823
OGT,194.81106769396735
GCNA,118.02389929612073
NHSL2,99.13620424227261
RGAG4,116.01072799430986
PIN4,95.10128097896543
RPS4X,250.53829471530315
CITED1,85.59462028421294
HDAC8,86.99656670810248
PHKA1,131.21338954653834
DMRTC1B,58.1960719561217
PABPC1L2B,127.23124428625931
PABPC1L2A,104.94920040936296
NAP1L6,70.88304343279086
NAP1L2,140.83553438325765
CHIC1,143.39905784534133
SLC16A2,106.66879537373828
RLIM,112.22401897110734
KIAA2022,79.89235473284143
ABCB7,93.25193632220152
UPRT,77.38561278095125
ZDHHC15,75.41764641983511
MAGEE2,104.73105095198852
PBDC1,116.63918090058755
MAGEE1,111.75091670811949
ATRX,154.4520168242117
MAGT1,131.6353579177551
COX7B,191.04686144296556
ATP7A,83.96469941284147
PGK1,142.00247677136406
TAF9B,74.87438967481552
CYSLTR1,99.08197079214929
LPAR4,121.9437616033326
ITM2A,155.41342335390496
BRWD3,175.82079961967682
HMGN5,149.2956041692277
SH3BGRL,88.90712446570214
POU3F4,120.54143723088
RPS6KA6,157.37286929998652
HDX,82.53635460159671
APOOL,117.37155861284862
SATL1,72.18715256176512
ZNF711,97.91552725451811
CHM,110.82747289076019
DACH2,193.12095998340106
KLHL4,124.28897045184934
PABPC5,61.24138899191007
PCDH11X,185.96778482402016
NAP1L3,112.92247061196198
FAM133A,115.83109866531001
DIAPH2,105.53845295370112
RPA4,77.79321408858326
PCDH19,149.81708004298497
TNMD,67.83635318383898
TSPAN6,155.42682043776765
SRPX2,142.6134188448274
SYTL4,80.45137803722008
CSTF2,108.17788547550336
NOX1,52.67318246744307
XKRX,69.88915979319009
TRMT2B,86.70113886060079
TMEM35A,127.28771774623601
CENPI,53.02471725512217
DRP2,116.90900287622136
TAF7L,60.9818331350171
TIMM8A,84.74106523947688
BTK,98.52222939224296
RPL36A,207.97429381690867
GLA,117.66462430577099
HNRNPH2,165.16357201618487
ARMCX4,93.20856255008874
ARMCX1,95.46598900754125
ARMCX6,74.33687071452661
ARMCX3,110.4399452582226
ARMCX2,125.0337477747342
NXF5,63.0941530255501
ZMAT1,213.69528941181335
TCEAL2,126.6223459332661
TCEAL6,140.70865654057775
BEX5,142.3133814350787
TMSB15A,49.304909139671935
ARMCX5,96.6330124213826
GPRASP1,87.33638898540335
GPRASP2,93.52628833349218
BHLHB9,80.5906871191576
BEX1,125.77149417756434
NXF3,88.3222946736573
BEX4,135.63073963925945
TCEAL8,154.02060809351426
TCEAL5,224.2263144876161
BEX2,119.13289669533881
TCEAL7,139.3906661784077
TCEAL9,156.00380118514403
BEX3,183.3837305219369
RAB40A,63.23731951624026
TCEAL4,119.22516095317576
TCEAL3,174.2568937285098
TCEAL1,112.90398743614045
MORF4L2,161.97535289669446
TMEM31,64.13354021554969
GLRA4,50.680316305227564
PLP1,223.66120232165514
RAB9B,141.62708586401754
TMSB15B,84.4578936581133
ZCCHC18,138.02791728814327
SLC25A53,94.89139274588689
FAM199X,149.6398370817551
IL1RAPL2,142.62683877097533
NRK,68.30930893507679
MUM1L1,89.78252126216285
CXorf57,159.44969296466843
RNF128,115.13905040795095
TBC1D8B,67.96853572659842
MORC4,134.96608364294508
RBM41,99.0079875739641
NUP62CL,93.27646007726347
PIH1D3,148.25021246224978
FRMPD3,323.8053176769974
PRPS1,184.5748720558812
NCBP2L,75.3842652815504
TSC22D3,212.13384268972627
MID2,77.23395594619171
VSIG1,72.39465243774677
PSMD10,86.40969866146051
ATG4A,55.95036910566452
COL4A6,85.83896079352664
COL4A5,89.4903005190134
IRS4,124.94241157496441
NXT2,90.11941835335193
KCNE5,213.48911210655473
ACSL4,151.26271589293418
TMEM164,127.16241678722406
RGAG1,92.534707091278
AMMECR1,45.93202947890933
CHRDL1,168.82393368284954
PAK3,266.4480486276167
DCX,166.72752471289937
ALG13,82.77211245384183
TRPC5OS,49.586079032517915
TRPC5,74.74053899455276
LHFPL1,76.05407168492485
AMOT,146.96409526591685
HTR2C,138.40581445914543
IL13RA2,113.92578990685902
LRCH2,78.57170562979732
PLS3,173.02759840170404
KLHL13,151.0251256562906
WDR44,75.32380619668467
DOCK11,166.2112484568252
IL13RA1,127.588487276955
ZCCHC12,184.74117868902084
LONRF3,70.87798976916787
PGRMC1,154.110984793925
SLC25A43,97.29196516368802
SLC25A5,196.75828518033478
CXorf56,85.96434711646577
UBE2A,158.54314349231657
NKRF,152.2033120466727
SEPT6,111.81084526955641
SOWAHD,118.37924055006309
RPL39,203.79361536378912
UPF3B,94.23637978465626
RNF113A,66.98793223231036
NDUFA1,182.11700022994623
AKAP14,70.33164308209507
NKAP,86.61878109650891
RHOXF1,38.02298103687713
ZBTB33,137.42766000291022
TMEM255A,136.11317302349883
LAMP2,210.22162421845945
CUL4B,132.66740902873505
MCTS1,87.62581689625307
C1GALT1C1,78.82592176933215
GLUD2,105.40544629565247
GRIA3,142.75055369086465
THOC2,128.60976689167978
XIAP,81.10644040446616
STAG2,143.653873597458
SH2D1A,80.01154650453446
TENM1,110.43331412730879
DCAF12L2,62.81045332002492
SMARCA1,145.6976665703364
OCRL,85.77317076915494
APLN,146.55929324231644
XPNPEP2,99.15259985920417
SASH3,119.125684117097
ZDHHC9,195.22803292378512
UTP14A,56.10850852125813
BCORL1,164.61046171309215
ELF4,89.17426849326631
AIFM1,87.48426545521349
RAB33A,173.1173960202192
ZNF280C,47.797917651643786
SLC25A14,130.54656016387943
RBMX2,112.52451873130184
ENOX2,69.59332426515536
ARHGAP36,90.00045119358012
IGSF1,234.22407002063716
STK26,118.32519674438817
FRMD7,88.78267631974552
RAP2C,110.7872191830109
MBNL3,94.19565154039248
HS6ST2,119.54088225509915
GPC4,153.02734828228455
GPC3,161.84952644363645
CCDC160,130.3004544423498
PHF6,108.33269834294711
HPRT1,139.8211843194388
FAM122B,146.43512544362596
FAM122C,78.7409227317369
MOSPD1,99.60032956795428
SMIM10,112.96398738096016
FAM127C,83.5012796549538
FAM127A,214.05969261602883
FAM127B,68.803468101009
SMIM10L2B,133.3297832269836
CT55,53.82559948120695
ZNF75D,66.29637017434109
ZNF449,69.64950275417871
SMIM10L2A,204.86819111029388
INTS6L,66.21130401093751
CT45A1,122.61379363098519
CT45A10,85.20736216747284
SAGE1,41.55053956192066
MMGT1,168.38878130625272
SLC9A6,164.6223019900798
FHL1,205.96383318789208
MAP7D3,107.55448550761514
HTATSF1,269.57759991331227
ARHGEF6,201.49109692177126
RBMX,182.2891837861667
GPR101,112.0825510183289
ZIC3,147.99151430380698
FGF13,202.80492562871424
MCF2,85.27386831348818
ATP11C,133.37528725938665
SOX3,90.98846451532683
CDR1,99.19229669493723
LDOC1,152.82529184254997
MAGEC3,52.72050844495152
SLITRK4,107.64920152524027
SLITRK2,155.47509916733242
TMEM257,85.68511844638968
FMR1,136.3082328310217
AFF2,125.66959592021854
IDS,217.47834363259557
CXorf40A,105.64323525205936
TMEM185A,73.89752417324553
HSFX1,69.8998653086654
CXorf40B,72.14606450929571
MAMLD1,132.15316366699864
MTM1,143.75634680788352
MTMR1,112.25944045057466
CD99L2,110.00458023196654
HMGB3,92.60794217703977
VMA21,168.114407007515
PRRG3,88.3705372612072
GABRE,84.85400620648707
GABRA3,146.02802628905266
GABRQ,143.65885711176006
CSAG1,123.5012448354654
MAGEA12,78.52047827937739
CETN2,88.55222893183182
NSDHL,82.3074454788046
ZNF185,78.909055385345
PNMA5,123.17256241618512
PNMA3,76.2073751981928
PNMA6A,89.72063988504266
LL0XNC01-16G2.1,91.02914532104413
ZNF275,87.68759496733992
ZFP92,101.55053560631006
TREX2,82.30368041356365
BGN,238.991704736043
HAUS7,178.83944135252835
ATP2B3,213.77747318616184
FAM58A,142.34165946465242
DUSP9,153.1532946356154
SLC6A8,182.45670331653383
PNCK,304.7515422750431
BCAP31,84.10554634589315
ABCD1,119.23340903898327
PLXNB3,145.50974056500382
SRPK3,93.8000834310294
IDH3G,270.7603408951543
SSR4,94.30609665095062
PDZD4,234.85535937918849
L1CAM,192.83623822102163
AVPR2,61.54157124598635
ARHGAP4,78.93845407391532
NAA10,120.20919002803214
RENBP,100.38613062822228
HCFC1,128.7185973975097
TMEM187,52.02750048002977
IRAK1,106.57216290270824
MECP2,223.1532284715894
TKTL1,75.87825527978669
FLNA,227.44405371372153
EMD,226.20138980785669
RPL10,214.84095354843723
TAZ,108.55069470036045
DNASE1L1,122.1288054035488
ATP6AP1,152.42232640337772
GDI1,270.54566576918353
FAM50A,117.48791229311769
PLXNA3,103.8674719833106
LAGE3,144.44189663867013
UBL4A,117.34657404254244
SLC10A3,121.74908854652307
FAM3A,113.36054885331927
IKBKG,81.1125970420822
G6PD,162.98470681758445
GAB3,62.537367363049896
DKC1,70.77689802605667
MPP1,122.45725678405134
F8A1,72.56075402606527
F8,64.74856281667309
FUNDC2,115.14258123628466
BRCC3,75.59857396759818
MTCP1,57.71289544990026
VBP1,81.726623814515
RAB39B,69.34774380667156
CLIC2,147.4481867146664
TMLHE,79.94191354846268
SPRY3,80.40139498072878
VAMP7,106.06420744256542
